46.55603019871972
2518
162 90
163 90
165 90
166 90
168 90
169 89
170 89
172 89
173 89
174 89
176 89
177 89
179 89
180 89
181 88
183 88
184 88
185 88
187 88
188 88
190 88
191 88
192 88
194 87
195 87
196 87
198 87
199 87
201 87
202 87
203 87
205 87
206 86
207 86
209 86
210 86
212 86
213 86
214 86
216 86
217 86
218 85
220 85
221 85
223 85
224 85
225 85
227 85
228 85
229 85
231 85
232 84
234 84
235 84
236 84
238 84
239 84
241 84
242 84
243 84
245 84
246 83
247 83
249 83
250 83
252 83
253 83
254 83
256 83
257 83
258 83
260 82
261 82
263 82
264 82
265 82
267 82
268 82
269 82
271 82
272 82
274 81
275 81
276 81
278 81
279 81
280 81
282 81
283 81
285 81
286 81
287 80
289 80
290 80
291 80
293 80
294 80
296 80
297 80
298 80
300 80
301 80
303 79
304 79
305 79
307 79
308 79
309 79
311 79
312 79
314 79
315 79
316 79
318 78
319 78
320 78
322 78
323 78
325 78
326 78
327 78
329 78
330 78
331 78
333 77
334 77
336 77
337 77
338 77
340 77
341 77
342 77
344 77
345 77
347 77
348 77
349 76
351 76
352 76
353 76
355 76
356 76
358 76
359 76
360 76
362 76
363 76
365 76
366 75
367 75
369 75
370 75
371 75
373 75
374 75
376 75
377 75
378 75
380 75
381 75
382 75
384 74
385 74
387 74
388 74
389 74
391 74
392 74
393 74
395 74
396 74
398 74
399 74
400 74
402 74
403 73
405 73
406 73
407 73
409 73
410 73
411 73
413 73
414 73
416 73
417 73
418 73
420 73
421 73
422 72
424 72
425 72
427 72
428 72
429 72
431 72
432 72
433 72
435 72
436 72
438 72
439 72
440 72
442 72
443 72
444 71
446 71
447 71
449 71
450 71
451 71
453 71
454 71
456 71
457 71
458 71
460 71
461 71
462 71
464 71
465 71
467 71
468 71
469 70
471 70
472 70
473 70
475 70
476 70
478 70
479 70
480 70
482 70
483 70
485 70
486 70
487 70
489 70
490 70
491 70
493 70
494 70
496 70
497 69
498 69
500 69
501 69
502 69
504 69
505 69
507 69
508 69
509 69
511 69
512 69
513 69
515 69
516 69
518 69
519 69
520 69
522 69
523 69
525 69
526 69
527 69
529 69
530 69
531 68
533 68
534 68
536 68
537 68
538 68
540 68
541 68
542 68
544 68
545 68
547 68
548 68
549 68
551 68
552 68
553 68
555 68
556 68
558 68
559 68
560 68
562 68
563 68
565 68
566 68
567 68
569 68
570 68
571 68
573 68
574 68
576 68
577 68
578 68
580 68
581 68
582 68
584 68
585 68
587 68
588 68
589 68
591 68
592 68
593 67
595 67
596 67
598 67
599 67
600 67
602 67
603 67
605 67
606 67
607 67
609 67
610 67
611 67
613 67
614 67
616 67
617 67
618 67
620 67
621 67
622 67
624 67
625 67
627 67
628 67
629 67
631 67
632 67
633 67
635 68
636 68
638 68
639 68
640 68
642 68
643 68
645 68
646 68
647 68
649 68
650 68
651 68
653 68
654 68
656 68
657 68
658 68
660 68
661 68
662 68
664 68
665 68
667 68
668 68
669 68
671 68
672 68
673 68
675 68
676 68
678 68
679 68
680 68
682 68
683 68
685 68
686 68
687 68
689 68
690 69
691 69
693 69
694 69
696 69
697 69
698 69
700 69
701 69
702 69
704 69
705 69
707 69
708 69
709 69
711 69
712 69
713 69
715 69
716 69
718 70
719 70
720 70
722 70
723 70
724 70
726 70
727 70
729 70
730 70
731 70
733 70
734 70
735 70
737 70
738 71
740 71
741 71
742 71
744 71
745 71
747 71
748 71
749 71
751 71
752 71
753 71
755 72
756 72
758 72
759 72
760 72
762 72
763 72
764 72
766 72
767 72
769 72
770 73
771 73
773 73
774 73
775 73
777 73
778 73
780 73
781 73
782 74
784 74
785 74
786 74
788 74
789 74
791 74
792 74
793 75
795 75
796 75
797 75
799 75
800 75
801 75
803 75
804 76
806 76
807 76
808 76
810 76
811 76
812 76
814 77
815 77
817 77
818 77
819 77
821 77
822 77
823 78
825 78
826 78
828 78
829 78
830 78
832 79
833 79
834 79
836 79
837 79
838 79
840 80
841 80
843 80
844 80
845 80
847 81
848 81
849 81
851 81
852 81
853 81
855 82
856 82
858 82
859 82
860 82
862 83
863 83
864 83
866 83
867 84
869 84
870 84
871 84
873 84
874 85
875 85
877 85
878 85
879 86
881 86
882 86
883 86
885 86
886 87
888 87
889 87
890 87
892 88
893 88
894 88
896 88
897 89
898 89
900 89
901 90
902 90
904 90
905 90
906 91
908 91
909 91
911 92
912 92
913 92
915 92
916 93
917 93
919 93
920 94
921 94
923 94
924 95
925 95
927 95
928 95
929 96
931 96
932 96
933 97
935 97
936 97
937 98
939 98
940 99
941 99
943 99
944 100
945 100
947 100
948 101
949 101
951 101
952 102
953 102
955 103
956 103
957 103
959 104
960 104
961 105
962 105
964 105
965 106
966 106
968 107
969 107
970 108
972 108
973 108
974 109
976 109
977 110
978 110
979 111
981 111
982 112
983 112
985 113
986 113
987 114
989 114
990 114
991 115
992 115
994 116
995 117
996 117
997 118
999 118
1000 119
1001 119
1003 120
1004 120
1005 121
1006 121
1008 122
1009 122
1010 123
1011 124
1013 124
1014 125
1015 125
1016 126
1018 127
1019 127
1020 128
1021 128
1023 129
1024 130
1025 130
1026 131
1027 132
1029 132
1030 133
1031 134
1032 134
1033 135
1035 136
1036 136
1037 137
1038 138
1039 138
1041 139
1042 140
1043 140
1044 141
1045 142
1046 143
1048 143
1049 144
1050 145
1051 146
1052 146
1053 147
1054 148
1056 149
1057 150
1058 150
1059 151
1060 152
1061 153
1062 154
1063 155
1064 155
1065 156
1067 157
1068 158
1069 159
1070 160
1071 161
1072 162
1073 163
1074 163
1075 164
1076 165
1077 166
1078 167
1079 168
1080 169
1081 170
1082 171
1083 172
1084 173
1085 174
1086 175
1087 176
1088 177
1089 178
1089 179
1090 180
1091 181
1092 182
1093 183
1094 184
1095 185
1096 186
1096 187
1097 189
1098 190
1099 191
1100 192
1101 193
1101 194
1102 195
1103 196
1104 198
1105 199
1105 200
1106 201
1107 202
1107 203
1108 204
1109 206
1110 207
1110 208
1111 209
1112 210
1112 212
1113 213
1114 214
1114 215
1115 217
1115 218
1116 219
1117 220
1117 222
1118 223
1118 224
1119 225
1119 227
1120 228
1120 229
1121 230
1121 232
1122 233
1122 234
1123 236
1123 237
1124 238
1124 239
1125 241
1125 242
1126 243
1126 245
1126 246
1127 247
1127 249
1127 250
1128 251
1128 253
1129 254
1129 255
1129 257
1129 258
1130 259
1130 261
1130 262
1131 263
1131 265
1131 266
1131 267
1132 269
1132 270
1132 271
1132 273
1133 274
1133 276
1133 277
1133 278
1133 280
1133 281
1134 282
1134 284
1134 285
1134 286
1134 288
1134 289
1134 291
1135 292
1135 293
1135 295
1135 296
1135 297
1135 299
1135 300
1135 302
1135 303
1135 304
1135 306
1135 307
1135 308
1135 310
1135 311
1135 313
1135 314
1135 315
1135 317
1135 318
1135 319
1135 321
1135 322
1135 324
1135 325
1135 326
1135 328
1135 329
1135 331
1135 332
1135 333
1135 335
1135 336
1134 337
1134 339
1134 340
1134 341
1134 343
1134 344
1134 346
1134 347
1134 348
1133 350
1133 351
1133 352
1133 354
1133 355
1133 357
1132 358
1132 359
1132 361
1132 362
1132 363
1132 365
1131 366
1131 367
1131 369
1131 370
1131 372
1130 373
1130 374
1130 376
1130 377
1129 378
1129 380
1129 381
1129 382
1128 384
1128 385
1128 387
1128 388
1127 389
1127 391
1127 392
1127 393
1126 395
1126 396
1126 397
1126 399
1125 400
1125 401
1125 403
1124 404
1124 405
1124 407
1124 408
1123 409
1123 411
1123 412
1122 413
1122 415
1122 416
1121 417
1121 419
1121 420
1120 421
1120 423
1120 424
1119 426
1119 427
1119 428
1118 430
1118 431
1118 432
1117 434
1117 435
1117 436
1116 437
1116 439
1116 440
1115 441
1115 443
1114 444
1114 445
1114 447
1113 448
1113 449
1112 451
1112 452
1112 453
1111 455
1111 456
1111 457
1110 459
1110 460
1109 461
1109 463
1108 464
1108 465
1108 467
1107 468
1107 469
1106 470
1106 472
1106 473
1105 474
1105 476
1104 477
1104 478
1103 480
1103 481
1103 482
1102 484
1102 485
1101 486
1101 487
1100 489
1100 490
1099 491
1099 493
1098 494
1098 495
1098 497
1097 498
1097 499
1096 500
1096 502
1095 503
1095 504
1094 506
1094 507
1093 508
1093 509
1092 511
1092 512
1091 513
1091 515
1090 516
1090 517
1089 518
1089 520
1088 521
1088 522
1087 524
1087 525
1086 526
1086 527
1085 529
1085 530
1084 531
1084 533
1083 534
1083 535
1082 536
1081 538
1081 539
1080 540
1080 541
1079 543
1079 544
1078 545
1078 546
1077 548
1077 549
1076 550
1075 551
1075 553
1074 554
1074 555
1073 557
1073 558
1072 559
1071 560
1071 562
1070 563
1070 564
1069 565
1068 566
1068 568
1067 569
1067 570
1066 571
1065 573
1065 574
1064 575
1064 576
1063 578
1062 579
1062 580
1061 581
1060 583
1060 584
1059 585
1059 586
1058 587
1057 589
1057 590
1056 591
1055 592
1055 594
1054 595
1053 596
1053 597
1052 598
1051 600
1051 601
1050 602
1049 603
1049 604
1048 606
1047 607
1047 608
1046 609
1045 610
1045 612
1044 613
1043 614
1042 615
1042 616
1041 617
1040 619
1040 620
1039 621
1038 622
1037 623
1037 624
1036 626
1035 627
1034 628
1034 629
1033 630
1032 631
1031 632
1031 634
1030 635
1029 636
1028 637
1027 638
1027 639
1026 640
1025 641
1024 643
1023 644
1022 645
1022 646
1021 647
1020 648
1019 649
1018 650
1017 651
1017 652
1016 653
1015 654
1014 656
1013 657
1012 658
1011 659
1010 660
1009 661
1008 662
1008 663
1007 664
1006 665
1005 666
1004 667
1003 668
1002 669
1001 670
1000 671
999 671
998 672
997 673
996 674
995 675
993 676
992 677
991 678
990 678
989 679
988 680
987 681
986 682
985 682
983 683
982 684
981 684
980 685
978 686
977 686
976 687
975 687
973 688
972 688
971 688
969 689
968 689
967 689
965 690
964 690
963 690
961 690
960 690
958 690
957 689
956 689
954 689
953 689
952 688
950 688
949 687
948 687
947 686
946 685
944 684
943 684
942 683
941 682
940 681
939 680
938 679
937 678
936 677
935 676
934 675
933 674
933 673
932 672
931 671
930 670
929 669
928 668
928 666
927 665
926 664
925 663
925 662
924 661
923 659
923 658
922 657
921 656
921 655
920 653
919 652
919 651
918 650
917 648
917 647
916 646
916 645
915 644
914 642
914 641
913 640
913 638
912 637
912 636
911 635
911 633
910 632
909 631
909 630
908 628
908 627
907 626
907 625
906 623
906 622
905 621
905 619
904 618
904 617
903 616
903 614
902 613
902 612
901 610
901 609
900 608
900 607
900 605
899 604
899 603
898 601
898 600
897 599
897 597
896 596
896 595
895 594
895 592
894 591
894 590
894 588
893 587
893 586
892 584
892 583
891 582
891 580
891 579
890 578
890 577
889 575
889 574
888 573
888 571
887 570
887 569
887 567
886 566
886 565
885 563
885 562
885 561
884 560
884 558
883 557
883 556
882 554
882 553
882 552
881 550
881 549
880 548
880 546
879 545
879 544
879 542
878 541
878 540
877 539
877 537
877 536
876 535
876 533
875 532
875 531
874 529
874 528
874 527
873 525
873 524
872 523
872 521
872 520
871 519
871 518
870 516
870 515
870 514
869 512
869 511
868 510
868 508
867 507
867 506
867 504
866 503
866 502
865 500
865 499
864 498
864 497
864 495
863 494
863 493
862 491
862 490
862 489
861 487
861 486
860 485
860 483
859 482
859 481
859 479
858 478
858 477
857 476
857 474
856 473
856 472
855 470
855 469
855 468
854 466
854 465
853 464
853 462
852 461
852 460
852 459
851 457
851 456
850 455
850 453
849 452
849 451
848 449
848 448
848 447
847 446
847 444
846 443
846 442
845 440
845 439
844 438
844 436
843 435
843 434
842 433
842 431
842 430
841 429
841 427
840 426
840 425
839 423
839 422
838 421
838 420
837 418
837 417
836 416
836 414
835 413
835 412
834 411
834 409
833 408
833 407
832 405
832 404
831 403
831 402
830 400
830 399
829 398
829 396
828 395
828 394
827 393
827 391
826 390
826 389
825 388
825 386
824 385
824 384
823 382
823 381
822 380
821 379
821 377
820 376
820 375
819 374
819 372
818 371
818 370
817 369
817 367
816 366
815 365
815 363
814 362
814 361
813 360
813 358
812 357
811 356
811 355
810 353
810 352
809 351
808 350
808 348
807 347
807 346
806 345
805 344
805 342
804 341
804 340
803 339
802 337
802 336
801 335
801 334
800 332
799 331
799 330
798 329
797 328
797 326
796 325
795 324
795 323
794 321
793 320
793 319
792 318
791 317
791 315
790 314
789 313
789 312
788 311
787 309
787 308
786 307
785 306
785 305
784 304
783 302
782 301
782 300
781 299
780 298
780 296
779 295
778 294
777 293
777 292
776 291
775 289
774 288
774 287
773 286
772 285
771 284
771 283
770 281
769 280
768 279
767 278
767 277
766 276
765 275
764 274
763 272
763 271
762 270
761 269
760 268
759 267
758 266
758 265
757 264
756 263
755 262
754 260
753 259
752 258
751 257
751 256
750 255
749 254
748 253
747 252
746 251
745 250
744 249
743 248
742 247
742 246
741 245
740 244
739 243
738 242
737 241
736 240
735 239
734 238
733 237
732 236
731 235
730 234
729 233
728 232
727 231
726 230
725 229
724 228
723 227
722 227
721 226
720 225
719 224
718 223
717 222
716 221
715 220
713 219
712 219
711 218
710 217
709 216
708 215
707 214
706 213
705 213
704 212
703 211
702 210
700 209
699 208
698 208
697 207
696 206
695 205
694 205
693 204
691 203
690 202
689 201
688 201
687 200
686 199
684 198
683 198
682 197
681 196
680 196
679 195
677 194
676 193
675 193
674 192
673 191
671 191
670 190
669 189
668 189
667 188
665 187
664 187
663 186
662 186
660 185
659 184
658 184
657 183
655 183
654 182
653 181
652 181
650 180
649 180
648 179
647 179
645 178
644 178
643 177
642 176
640 176
639 175
638 175
637 174
635 174
634 173
633 173
631 172
630 172
629 172
627 171
626 171
625 170
624 170
622 169
621 169
620 168
618 168
617 168
616 167
614 167
613 166
612 166
610 166
609 165
608 165
606 165
605 164
604 164
602 164
601 163
600 163
598 163
597 162
596 162
594 162
593 161
592 161
590 161
589 161
588 160
586 160
585 160
584 159
582 159
581 159
579 159
578 159
577 158
575 158
574 158
573 158
571 158
570 157
569 157
567 157
566 157
564 157
563 156
562 156
560 156
559 156
558 156
556 156
555 156
554 156
552 155
551 155
549 155
548 155
547 155
545 155
544 155
543 155
541 155
540 155
538 155
537 155
536 155
534 155
533 155
531 155
530 155
529 155
527 155
526 155
525 155
523 155
522 155
520 155
519 155
518 155
516 155
515 155
514 155
512 155
511 155
509 155
508 156
507 156
505 156
504 156
503 156
501 156
500 156
499 156
497 157
496 157
494 157
493 157
492 157
490 158
489 158
488 158
486 158
485 158
483 159
482 159
481 159
479 159
478 159
477 160
475 160
474 160
473 161
471 161
470 161
469 161
467 162
466 162
465 162
463 163
462 163
461 163
459 164
458 164
457 164
455 165
454 165
453 165
451 166
450 166
449 166
447 167
446 167
445 168
443 168
442 169
441 169
439 169
438 170
437 170
435 171
434 171
433 172
432 172
430 173
429 173
428 174
426 174
425 175
424 175
423 176
421 176
420 177
419 177
418 178
416 178
415 179
414 179
412 180
411 181
410 181
409 182
407 182
406 183
405 183
404 184
403 185
401 185
400 186
399 187
398 187
396 188
395 189
394 189
393 190
392 191
390 191
389 192
388 193
387 193
386 194
385 195
383 195
382 196
381 197
380 198
379 198
377 199
376 200
375 201
374 201
373 202
372 203
371 204
370 205
368 205
367 206
366 207
365 208
364 209
363 209
362 210
361 211
360 212
359 213
357 214
356 215
355 215
354 216
353 217
352 218
351 219
350 220
349 221
348 222
347 223
346 224
345 224
344 225
343 226
342 227
341 228
340 229
339 230
338 231
337 232
336 233
335 234
334 235
333 236
332 237
331 238
330 239
329 240
328 241
328 242
327 243
326 244
325 245
324 246
323 247
322 248
321 250
320 251
320 252
319 253
318 254
317 255
316 256
315 257
315 258
314 259
313 260
312 262
311 263
311 264
310 265
309 266
308 267
307 268
307 269
306 271
305 272
304 273
304 274
303 275
302 276
301 278
301 279
300 280
299 281
298 282
298 283
297 285
296 286
296 287
295 288
294 289
294 291
293 292
292 293
292 294
291 295
290 297
290 298
289 299
288 300
288 302
287 303
287 304
286 305
285 306
285 308
284 309
284 310
283 311
282 313
282 314
281 315
281 316
280 318
279 319
279 320
278 321
278 323
277 324
277 325
276 327
276 328
275 329
275 330
274 332
274 333
273 334
272 335
272 337
271 338
271 339
270 341
270 342
269 343
269 344
269 346
268 347
268 348
267 350
267 351
266 352
266 353
265 355
265 356
264 357
264 359
263 360
263 361
263 363
262 364
262 365
261 367
261 368
260 369
260 370
260 372
259 373
259 374
258 376
258 377
258 378
257 380
257 381
256 382
256 384
256 385
255 386
255 388
255 389
254 390
254 392
254 393
253 394
253 396
252 397
252 398
252 400
251 401
251 402
251 404
250 405
250 406
250 408
249 409
249 410
249 412
248 413
248 414
248 416
248 417
247 418
247 420
247 421
246 422
246 424
246 425
245 426
245 428
245 429
245 431
244 432
244 433
244 435
243 436
243 437
243 439
243 440
242 441
242 443
242 444
242 445
241 447
241 448
241 449
241 451
240 452
240 453
240 455
240 456
239 458
239 459
239 460
239 462
238 463
238 464
238 466
238 467
238 468
237 470
237 471
237 473
237 474
236 475
236 477
236 478
236 479
236 481
235 482
235 483
235 485
235 486
235 488
234 489
234 490
234 492
234 493
234 494
234 496
233 497
233 498
233 500
233 501
233 503
232 504
232 505
232 507
232 508
232 509
232 511
231 512
231 513
231 515
231 516
231 518
231 519
231 520
230 522
230 523
230 524
230 526
230 527
230 529
229 530
229 531
229 533
229 534
229 535
229 537
229 538
229 539
228 541
228 542
228 544
228 545
228 546
228 548
228 549
228 550
227 552
227 553
227 555
227 556
227 557
227 559
227 560
227 561
227 563
226 564
226 566
226 567
226 568
226 570
226 571
226 572
226 574
226 575
225 577
225 578
225 579
225 581
225 582
225 583
225 585
225 586
225 588
225 589
225 590
224 592
224 593
224 594
224 596
224 597
224 599
224 600
224 601
224 603
224 604
224 605
224 607
224 608
223 610
223 611
223 612
223 614
223 615
223 616
223 618
223 619
223 621
223 622
223 623
223 625
223 626
223 627
222 629
222 630
222 632
222 633
222 634
222 636
222 637
222 638
222 640
222 641
222 643
222 644
222 645
222 647
222 648
221 649
221 651
221 652
221 654
221 655
221 656
221 658
221 659
221 660
221 662
221 663
221 665
221 666
221 667
220 669
220 670
220 671
220 673
220 674
220 676
220 677
220 678
220 680
220 681
220 682
220 684
219 685
219 687
219 688
219 689
219 691
219 692
219 693
218 695
218 696
218 697
218 699
218 700
218 702
217 703
217 704
217 706
216 707
216 708
215 709
214 711
213 711
212 711
211 711
210 710
209 709
208 707
207 706
207 705
206 704
206 703
205 701
204 700
204 699
203 698
203 696
202 695
202 694
201 693
201 691
200 690
200 689
199 687
199 686
198 685
198 684
197 682
197 681
196 680
196 678
195 677
195 676
194 675
194 673
194 672
193 671
193 669
192 668
192 667
191 665
191 664
190 663
190 661
190 660
189 659
189 658
188 656
188 655
187 654
187 652
187 651
186 650
186 648
185 647
185 646
185 644
184 643
184 642
183 640
183 639
182 638
182 637
182 635
181 634
181 633
180 631
180 630
180 629
179 627
179 626
178 625
178 623
178 622
177 621
177 619
176 618
176 617
176 615
175 614
175 613
174 612
174 610
174 609
173 608
173 606
172 605
172 604
172 602
171 601
171 600
170 598
170 597
170 596
169 594
169 593
168 592
168 590
168 589
167 588
167 586
166 585
166 584
166 582
165 581
165 580
164 578
164 577
164 576
163 574
163 573
163 572
162 571
162 569
161 568
161 567
161 565
160 564
160 563
159 561
159 560
159 559
158 557
158 556
157 555
157 553
157 552
156 551
156 549
156 548
155 547
155 545
154 544
154 543
154 541
153 540
153 539
152 537
152 536
152 535
151 533
151 532
151 531
150 529
150 528
149 527
149 526
149 524
148 523
148 522
147 520
147 519
147 518
146 516
146 515
146 514
145 512
145 511
144 510
144 508
144 507
143 506
143 504
142 503
142 502
142 500
141 499
141 498
141 496
140 495
140 494
139 492
139 491
139 490
138 488
138 487
137 486
137 484
137 483
136 482
136 480
136 479
135 478
135 476
134 475
134 474
134 472
133 471
133 470
132 468
132 467
132 466
131 464
131 463
131 462
130 461
130 459
129 458
129 457
129 455
128 454
128 453
128 451
127 450
127 449
126 447
126 446
126 445
125 443
125 442
124 441
124 439
124 438
123 437
123 435
123 434
122 433
122 431
121 430
121 429
121 427
120 426
120 425
120 423
119 422
119 421
118 419
118 418
118 417
117 415
117 414
116 413
116 411
116 410
115 409
115 407
115 406
114 405
114 403
113 402
113 401
113 399
112 398
112 397
112 395
111 394
111 393
110 391
110 390
110 389
109 388
109 386
108 385
108 384
108 382
107 381
107 380
107 378
106 377
106 376
105 374
105 373
105 372
104 370
104 369
103 368
103 366
103 365
102 364
102 362
102 361
101 360
101 358
100 357
100 356
100 354
99 353
99 352
99 350
98 349
98 348
97 346
97 345
97 344
96 342
96 341
95 340
95 338
95 337
94 336
94 334
94 333
93 332
93 330
92 329
92 328
92 326
91 325
91 324
91 322
90 321
90 320
89 318
89 317
89 316
88 314
88 313
87 312
87 310
87 309
86 308
86 306
86 305
85 304
85 302
84 301
84 300
84 298
83 297
83 296
82 294
82 293
82 292
81 291
81 289
81 288
80 287
80 285
79 284
79 283
79 281
78 280
78 279
78 277
77 276
77 275
76 273
76 272
76 271
75 269
75 268
74 267
74 265
74 264
73 263
73 261
73 260
72 259
