17.182063348415205
864
95 86
96 90
96 93
97 97
97 101
98 105
98 108
99 112
99 116
100 119
100 123
101 127
102 130
102 134
103 138
103 142
104 145
104 149
105 153
106 156
106 160
107 164
107 167
108 171
108 175
109 179
110 182
110 186
111 190
111 193
112 197
113 201
113 204
114 208
114 212
115 215
116 219
116 223
117 227
117 230
118 234
119 238
119 241
120 245
120 249
121 252
122 256
122 260
123 263
124 267
124 271
125 274
125 278
126 282
127 285
127 289
128 293
129 297
129 300
130 304
131 308
131 311
132 315
133 319
133 322
134 326
135 330
135 333
136 337
137 341
137 344
138 348
139 352
139 355
140 359
141 363
142 366
142 370
143 374
144 377
145 381
145 385
146 388
147 392
147 396
148 399
149 403
150 407
151 410
151 414
152 418
153 421
154 425
154 429
155 432
156 436
157 440
158 443
158 447
159 450
160 454
161 458
162 461
163 465
164 469
164 472
165 476
166 480
167 483
168 487
169 490
170 494
171 498
172 501
173 505
174 509
175 512
176 516
177 519
178 523
179 526
180 530
181 534
182 537
183 541
184 544
185 548
186 552
187 555
188 559
189 562
191 566
192 569
193 573
194 576
196 580
197 583
198 587
200 590
201 594
203 597
204 601
205 604
207 607
209 611
210 614
212 617
214 621
216 624
218 627
220 630
222 633
224 636
226 639
229 642
231 645
234 647
237 649
240 651
244 653
247 654
251 654
255 654
258 654
262 652
265 651
268 649
271 647
274 644
277 642
279 639
282 636
284 633
287 630
289 627
291 624
293 621
295 618
297 615
299 612
301 609
303 606
305 602
307 599
309 596
311 593
312 589
314 586
316 583
318 580
319 576
321 573
323 570
325 566
326 563
328 560
330 556
331 553
333 550
335 546
337 543
338 540
340 537
342 533
344 530
345 527
347 523
349 520
351 517
353 514
354 510
356 507
358 504
360 501
362 498
364 494
366 491
368 488
370 485
372 482
374 479
377 476
379 473
381 470
384 467
386 465
389 462
392 459
394 457
397 455
401 453
404 451
407 449
411 448
414 447
418 447
422 447
425 447
429 448
433 450
436 451
439 453
442 455
445 457
448 460
451 462
454 464
457 467
459 470
462 472
464 475
467 478
469 481
472 484
474 486
476 489
479 492
481 495
483 498
485 501
488 504
490 507
492 510
494 513
496 516
498 519
500 523
503 526
505 529
507 532
509 535
511 538
513 541
515 544
517 547
519 550
521 554
523 557
525 560
527 563
529 566
531 569
534 572
536 575
538 578
540 581
542 584
544 588
546 591
548 594
551 597
553 600
555 603
557 606
560 609
562 611
564 614
567 617
569 620
572 623
574 626
577 628
579 631
582 633
585 636
588 638
591 640
594 642
598 643
601 645
605 645
609 645
612 645
616 644
619 643
623 641
626 639
629 636
631 634
634 631
636 628
639 625
641 622
643 619
645 616
647 613
649 610
651 607
653 603
655 600
656 597
658 594
660 590
662 587
663 584
665 580
667 577
668 574
670 570
672 567
673 564
675 560
676 557
678 553
680 550
681 547
683 543
685 540
686 537
688 533
690 530
691 527
693 523
695 520
697 517
699 514
701 511
703 507
705 504
707 501
709 498
711 495
714 493
716 490
719 487
722 485
725 483
729 482
733 481
736 481
740 482
744 483
747 484
750 486
753 488
756 490
759 493
762 495
765 498
767 500
770 503
773 506
775 509
777 511
780 514
782 517
785 520
787 523
789 526
791 529
794 532
796 535
798 538
800 541
803 544
805 547
807 550
809 553
811 556
814 559
816 562
818 565
820 568
823 571
825 574
827 577
829 580
832 583
834 585
836 588
839 591
841 594
843 597
846 600
848 603
851 606
853 608
856 611
858 614
861 616
864 619
866 622
869 624
872 627
875 629
877 631
880 634
883 636
886 638
890 640
893 642
896 644
899 645
903 647
906 648
910 649
913 650
917 651
921 652
924 653
928 653
932 653
936 653
939 653
943 652
947 652
950 651
954 650
958 649
961 648
965 647
968 645
971 644
975 642
978 640
981 638
984 636
987 634
990 632
993 630
996 627
999 625
1002 622
1004 620
1007 617
1010 614
1012 612
1015 609
1017 606
1019 603
1022 600
1024 597
1026 594
1028 591
1030 588
1032 585
1034 582
1036 578
1038 575
1040 572
1042 569
1043 565
1045 562
1047 559
1048 555
1050 552
1052 549
1053 545
1055 542
1056 538
1057 535
1059 531
1060 528
1061 524
1063 521
1064 517
1065 514
1066 510
1067 507
1068 503
1069 500
1071 496
1072 492
1073 489
1073 485
1074 482
1075 478
1076 474
1077 471
1078 467
1079 463
1079 460
1080 456
1081 453
1081 449
1082 445
1083 441
1083 438
1084 434
1085 430
1085 427
1086 423
1086 419
1087 416
1087 412
1088 408
1088 405
1089 401
1089 397
1089 393
1090 390
1090 386
1091 382
1091 379
1091 375
1092 371
1092 367
1092 364
1092 360
1093 356
1093 353
1093 349
1093 345
1094 341
1094 338
1094 334
1094 330
1094 326
1094 323
1094 319
1094 315
1095 312
1095 308
1095 304
1095 300
1095 297
1095 293
1095 289
1095 285
1095 282
1095 278
1094 274
1094 271
1094 267
1094 263
1094 259
1094 256
1094 252
1094 248
1093 244
1093 241
1093 237
1093 233
1092 230
1092 226
1092 222
1091 218
1091 215
1091 211
1090 207
1090 204
1089 200
1089 196
1088 192
1088 189
1087 185
1087 181
1086 178
1085 174
1085 170
1084 167
1083 163
1083 159
1082 156
1081 152
1080 149
1079 145
1078 141
1077 138
1075 134
1074 131
1073 127
1071 124
1069 121
1067 118
1065 115
1063 112
1060 109
1057 107
1053 106
1050 105
1046 105
1042 106
1039 107
1035 109
1032 111
1029 113
1026 115
1023 117
1020 120
1017 122
1015 125
1012 127
1009 130
1006 132
1004 135
1001 138
999 140
996 143
993 146
991 148
988 151
986 154
983 156
980 159
978 162
975 164
973 167
970 170
967 172
965 175
962 177
959 180
956 183
954 185
951 187
948 190
945 192
942 195
939 197
936 199
933 201
930 203
927 205
924 207
921 209
917 211
914 212
910 214
907 215
903 216
900 217
896 218
892 219
889 219
885 219
881 219
878 219
874 219
870 218
867 217
863 216
859 216
856 214
852 213
849 212
845 211
842 209
838 208
835 206
832 204
828 203
825 201
822 199
819 197
816 195
812 193
809 191
806 189
803 187
800 185
797 183
794 181
791 178
788 176
785 174
782 172
779 170
776 167
773 165
770 163
767 161
764 158
761 156
758 154
755 152
752 149
749 147
746 145
743 143
740 140
737 138
734 136
731 134
728 132
725 130
721 128
718 126
715 124
712 123
708 121
705 120
701 118
698 117
694 117
690 116
687 116
683 117
679 118
676 119
672 120
669 122
666 125
663 127
661 130
658 132
656 135
653 138
651 141
649 144
647 147
645 150
643 153
641 156
639 160
637 163
635 166
633 169
631 173
630 176
628 179
626 182
624 185
622 189
620 192
618 195
616 198
614 201
612 204
610 208
608 211
606 214
604 217
601 220
599 222
597 225
594 228
591 231
589 233
586 236
583 238
580 240
577 243
574 245
571 247
568 248
564 250
561 251
557 252
554 254
550 254
546 255
543 256
539 256
535 256
531 256
528 256
524 255
520 255
517 254
513 254
509 253
506 252
502 251
499 250
495 249
492 247
488 246
485 244
481 243
478 241
475 240
471 238
468 236
465 234
461 233
458 231
455 229
452 227
449 225
445 223
442 221
439 219
436 217
433 215
430 212
427 210
424 208
421 206
418 203
415 201
412 199
409 197
406 194
404 192
401 190
398 187
395 185
392 182
389 180
386 177
384 175
381 172
378 170
375 167
373 165
370 162
367 160
364 157
362 155
359 152
356 150
354 147
351 144
348 142
346 139
343 137
340 134
338 131
335 129
332 126
330 123
327 121
325 118
322 115
319 113
317 110
314 107
312 105
309 102
306 99
304 96
301 94
299 91
