1
2435
1170 62
1170 63
1170 64
1170 66
1170 67
1170 68
1170 69
1170 71
1170 72
1170 73
1170 74
1171 76
1171 77
1171 78
1171 79
1171 81
1171 82
1171 83
1171 84
1171 86
1171 87
1171 88
1171 89
1171 91
1171 92
1171 93
1171 94
1171 96
1171 97
1171 98
1171 99
1171 101
1171 102
1171 103
1171 104
1172 106
1172 107
1172 108
1172 109
1172 110
1172 112
1172 113
1172 114
1172 115
1172 117
1172 118
1172 119
1172 120
1172 122
1172 123
1172 124
1172 125
1172 127
1172 128
1172 129
1172 130
1172 132
1172 133
1172 134
1172 135
1172 137
1172 138
1172 139
1172 140
1172 142
1172 143
1172 144
1172 145
1172 147
1172 148
1172 149
1172 150
1172 152
1172 153
1173 154
1173 155
1173 157
1173 158
1173 159
1173 160
1173 162
1173 163
1173 164
1173 165
1173 166
1173 168
1173 169
1173 170
1173 171
1173 173
1173 174
1173 175
1173 176
1173 178
1173 179
1173 180
1173 181
1173 183
1173 184
1173 185
1173 186
1173 188
1173 189
1173 190
1173 191
1173 193
1173 194
1173 195
1173 196
1173 198
1173 199
1173 200
1173 201
1173 203
1173 204
1173 205
1173 206
1173 208
1173 209
1173 210
1173 211
1173 213
1173 214
1173 215
1173 216
1173 217
1173 219
1172 220
1172 221
1172 222
1172 224
1172 225
1172 226
1172 227
1172 229
1172 230
1172 231
1172 232
1172 234
1172 235
1172 236
1172 237
1172 239
1172 240
1172 241
1172 242
1172 244
1172 245
1172 246
1172 247
1172 249
1172 250
1172 251
1172 252
1172 254
1172 255
1172 256
1172 257
1172 259
1172 260
1172 261
1172 262
1172 263
1172 265
1171 266
1171 267
1171 268
1171 270
1171 271
1171 272
1171 273
1171 275
1171 276
1171 277
1171 278
1171 280
1171 281
1171 282
1171 283
1171 285
1171 286
1171 287
1171 288
1171 290
1171 291
1171 292
1170 293
1170 295
1170 296
1170 297
1170 298
1170 300
1170 301
1170 302
1170 303
1170 305
1170 306
1170 307
1170 308
1170 309
1170 311
1170 312
1170 313
1169 314
1169 316
1169 317
1169 318
1169 319
1169 321
1169 322
1169 323
1169 324
1169 326
1169 327
1169 328
1169 329
1169 331
1168 332
1168 333
1168 334
1168 336
1168 337
1168 338
1168 339
1168 341
1168 342
1168 343
1168 344
1168 345
1168 347
1167 348
1167 349
1167 350
1167 352
1167 353
1167 354
1167 355
1167 357
1167 358
1167 359
1167 360
1166 362
1166 363
1166 364
1166 365
1166 367
1166 368
1166 369
1166 370
1166 372
1166 373
1165 374
1165 375
1165 376
1165 378
1165 379
1165 380
1165 381
1165 383
1165 384
1165 385
1164 386
1164 388
1164 389
1164 390
1164 391
1164 393
1164 394
1164 395
1163 396
1163 398
1163 399
1163 400
1163 401
1163 402
1163 404
1163 405
1162 406
1162 407
1162 409
1162 410
1162 411
1162 412
1162 414
1162 415
1161 416
1161 417
1161 419
1161 420
1161 421
1161 422
1161 423
1160 425
1160 426
1160 427
1160 428
1160 430
1160 431
1160 432
1159 433
1159 435
1159 436
1159 437
1159 438
1159 440
1159 441
1158 442
1158 443
1158 444
1158 446
1158 447
1158 448
1157 449
1157 451
1157 452
1157 453
1157 454
1157 456
1157 457
1156 458
1156 459
1156 460
1156 462
1156 463
1155 464
1155 465
1155 467
1155 468
1155 469
1155 470
1154 472
1154 473
1154 474
1154 475
1154 476
1153 478
1153 479
1153 480
1153 481
1153 483
1153 484
1152 485
1152 486
1152 487
1152 489
1152 490
1151 491
1151 492
1151 494
1151 495
1151 496
1150 497
1150 499
1150 500
1150 501
1149 502
1149 503
1149 505
1149 506
1149 507
1148 508
1148 510
1148 511
1148 512
1148 513
1147 514
1147 516
1147 517
1147 518
1146 519
1146 521
1146 522
1146 523
1145 524
1145 525
1145 527
1145 528
1144 529
1144 530
1144 531
1144 533
1143 534
1143 535
1143 536
1143 538
1142 539
1142 540
1142 541
1142 542
1141 544
1141 545
1141 546
1141 547
1140 548
1140 550
1140 551
1139 552
1139 553
1139 555
1139 556
1138 557
1138 558
1138 559
1137 561
1137 562
1137 563
1137 564
1136 565
1136 567
1136 568
1135 569
1135 570
1135 571
1134 573
1134 574
1134 575
1134 576
1133 577
1133 579
1133 580
1132 581
1132 582
1132 583
1131 585
1131 586
1131 587
1130 588
1130 589
1130 591
1129 592
1129 593
1128 594
1128 595
1128 597
1127 598
1127 599
1127 600
1126 601
1126 602
1126 604
1125 605
1125 606
1124 607
1124 608
1124 610
1123 611
1123 612
1122 613
1122 614
1122 615
1121 617
1121 618
1120 619
1120 620
1120 621
1119 622
1119 624
1118 625
1118 626
1117 627
1117 628
1117 629
1116 631
1116 632
1115 633
1115 634
1114 635
1114 636
1113 638
1113 639
1112 640
1112 641
1111 642
1111 643
1110 644
1110 646
1109 647
1109 648
1108 649
1108 650
1107 651
1107 652
1106 653
1106 655
1105 656
1105 657
1104 658
1104 659
1103 660
1102 661
1102 662
1101 663
1101 664
1100 666
1100 667
1099 668
1098 669
1098 670
1097 671
1096 672
1096 673
1095 674
1095 675
1094 676
1093 677
1093 678
1092 679
1091 680
1090 681
1090 682
1089 683
1088 684
1088 685
1087 686
1086 687
1085 688
1085 689
1084 690
1083 691
1082 692
1081 693
1081 694
1080 695
1079 696
1078 697
1077 698
1076 699
1075 699
1074 700
1074 701
1073 702
1072 703
1071 704
1070 704
1069 705
1068 706
1067 707
1066 707
1065 708
1064 709
1063 709
1062 710
1060 710
1059 711
1058 712
1057 712
1056 713
1055 713
1054 713
1052 714
1051 714
1050 714
1049 715
1048 715
1046 715
1045 715
1044 715
1043 715
1041 716
1040 716
1039 716
1038 715
1036 715
1035 715
1034 715
1033 715
1032 715
1030 714
1029 714
1028 714
1027 713
1026 713
1024 712
1023 712
1022 712
1021 711
1020 710
1019 710
1018 709
1017 709
1016 708
1015 707
1013 707
1012 706
1011 705
1010 705
1009 704
1008 703
1007 703
1006 702
1005 701
1005 700
1004 699
1003 699
1002 698
1001 697
1000 696
999 695
998 694
997 693
996 693
996 692
995 691
994 690
993 689
992 688
991 687
991 686
990 685
989 684
988 683
987 682
987 681
986 680
985 679
984 678
984 677
983 676
982 675
981 674
981 673
980 672
979 671
978 670
978 669
977 668
976 667
976 666
975 665
974 664
974 663
973 662
972 661
972 660
971 659
970 658
970 657
969 656
968 655
968 654
967 653
967 651
966 650
965 649
965 648
964 647
963 646
963 645
962 644
962 643
961 642
960 641
960 640
959 638
959 637
958 636
958 635
957 634
956 633
956 632
955 631
955 630
954 629
954 627
953 626
953 625
952 624
952 623
951 622
950 621
950 620
949 618
949 617
948 616
948 615
947 614
947 613
946 612
946 611
945 609
945 608
944 607
944 606
943 605
943 604
942 603
942 601
941 600
941 599
940 598
940 597
939 596
939 595
938 593
938 592
937 591
937 590
936 589
936 588
935 587
935 585
934 584
934 583
933 582
933 581
933 580
932 579
932 577
931 576
931 575
930 574
930 573
929 572
929 570
928 569
928 568
927 567
927 566
927 565
926 564
926 562
925 561
925 560
924 559
924 558
923 557
923 555
923 554
922 553
922 552
921 551
921 550
920 548
920 547
919 546
919 545
919 544
918 543
918 541
917 540
917 539
916 538
916 537
916 536
915 534
915 533
914 532
914 531
913 530
913 529
913 527
912 526
912 525
911 524
911 523
911 522
910 520
910 519
909 518
909 517
908 516
908 515
908 513
907 512
907 511
906 510
906 509
906 508
905 506
905 505
904 504
904 503
903 502
903 501
903 499
902 498
902 497
901 496
901 495
901 494
900 492
900 491
899 490
899 489
899 488
898 486
898 485
897 484
897 483
897 482
896 481
896 479
895 478
895 477
895 476
894 475
894 474
893 472
893 471
893 470
892 469
892 468
891 466
891 465
891 464
890 463
890 462
889 461
889 459
889 458
888 457
888 456
887 455
887 453
887 452
886 451
886 450
885 449
885 448
885 446
884 445
884 444
883 443
883 442
883 441
882 439
882 438
882 437
881 436
881 435
880 433
880 432
880 431
879 430
879 429
878 428
878 426
878 425
877 424
877 423
876 422
876 420
876 419
875 418
875 417
875 416
874 415
874 413
873 412
873 411
873 410
872 409
872 408
871 406
871 405
871 404
870 403
870 402
869 400
869 399
869 398
868 397
868 396
868 395
867 393
867 392
866 391
866 390
866 389
865 387
865 386
864 385
864 384
864 383
863 382
863 380
863 379
862 378
862 377
861 376
861 374
861 373
860 372
860 371
859 370
859 369
859 367
858 366
858 365
857 364
857 363
857 362
856 360
856 359
856 358
855 357
855 356
854 354
854 353
854 352
853 351
853 350
852 349
852 347
852 346
851 345
851 344
850 343
850 341
850 340
849 339
849 338
848 337
848 336
848 334
847 333
847 332
846 331
846 330
846 328
845 327
845 326
845 325
844 324
844 323
843 321
843 320
843 319
842 318
842 317
841 316
841 314
841 313
840 312
840 311
839 310
839 308
839 307
838 306
838 305
837 304
837 303
837 301
836 300
836 299
835 298
835 297
834 296
834 294
834 293
833 292
833 291
832 290
832 289
832 287
831 286
831 285
830 284
830 283
830 281
829 280
829 279
828 278
828 277
828 276
827 274
827 273
826 272
826 271
825 270
825 269
825 267
824 266
824 265
823 264
823 263
822 262
822 260
822 259
821 258
821 257
820 256
820 255
819 253
819 252
819 251
818 250
818 249
817 248
817 246
816 245
816 244
816 243
815 242
815 241
814 239
814 238
813 237
813 236
812 235
812 234
812 233
811 231
811 230
810 229
810 228
809 227
809 226
808 224
808 223
808 222
807 221
807 220
806 219
806 217
805 216
805 215
804 214
804 213
803 212
803 211
802 209
802 208
801 207
801 206
800 205
800 204
799 203
799 201
799 200
798 199
798 198
797 197
797 196
796 195
796 193
795 192
795 191
794 190
794 189
793 188
792 187
792 186
791 184
791 183
790 182
790 181
789 180
789 179
788 178
788 177
787 175
787 174
786 173
786 172
785 171
784 170
784 169
783 168
783 167
782 165
782 164
781 163
780 162
780 161
779 160
779 159
778 158
777 157
777 156
776 155
776 153
775 152
774 151
774 150
773 149
772 148
772 147
771 146
771 145
770 144
769 143
769 142
768 141
767 140
767 139
766 138
765 137
764 136
764 135
763 134
762 133
762 132
761 131
760 130
759 129
759 128
758 127
757 126
756 125
755 124
755 123
754 122
753 121
752 120
751 119
751 118
750 117
749 116
748 115
747 114
746 114
746 113
745 112
744 111
743 110
742 109
741 108
740 108
739 107
738 106
737 105
736 104
735 104
734 103
733 102
732 101
731 101
730 100
729 99
728 99
727 98
726 97
725 97
724 96
723 95
722 95
721 94
720 94
719 93
717 93
716 92
715 92
714 91
713 91
712 90
711 90
709 89
708 89
707 89
706 88
705 88
703 88
702 87
701 87
700 87
699 86
697 86
696 86
695 86
694 86
693 85
691 85
690 85
689 85
688 85
686 85
685 85
684 85
683 84
681 84
680 84
679 84
678 84
676 84
675 84
674 84
673 84
672 84
670 84
669 84
668 84
667 84
665 85
664 85
663 85
662 85
660 85
659 85
658 85
657 85
655 85
654 85
653 85
652 85
650 86
649 86
648 86
647 86
646 86
644 86
643 86
642 86
641 86
639 86
638 86
637 86
636 87
634 87
633 87
632 87
631 87
629 87
628 87
627 87
626 87
624 87
623 87
622 87
621 87
620 87
618 87
617 87
616 87
615 87
613 87
612 87
611 87
610 87
608 87
607 87
606 86
605 86
603 86
602 86
601 86
600 86
598 86
597 86
596 86
595 86
594 86
592 86
591 85
590 85
589 85
587 85
586 85
585 85
584 85
582 85
581 85
580 85
579 85
577 85
576 84
575 84
574 84
573 84
571 84
570 84
569 84
568 84
566 84
565 84
564 84
563 84
561 84
560 84
559 84
558 84
556 84
555 84
554 84
553 84
551 84
550 84
549 85
548 85
547 85
545 85
544 85
543 85
542 85
540 85
539 86
538 86
537 86
535 86
534 87
533 87
532 87
531 87
529 88
528 88
527 88
526 89
525 89
523 89
522 90
521 90
520 90
519 91
518 91
516 92
515 92
514 93
513 93
512 94
511 94
510 95
509 95
507 96
506 97
505 97
504 98
503 99
502 99
501 100
500 100
499 101
498 102
497 103
496 103
495 104
494 105
493 106
492 106
491 107
490 108
489 109
488 110
487 110
486 111
486 112
485 113
484 114
483 115
482 116
481 117
480 117
479 118
479 119
478 120
477 121
476 122
475 123
475 124
474 125
473 126
472 127
472 128
471 129
470 130
469 131
469 132
468 133
467 134
466 135
466 136
465 137
464 138
464 139
463 140
462 141
462 142
461 143
460 144
460 145
459 146
459 148
458 149
457 150
457 151
456 152
456 153
455 154
454 155
454 156
453 157
453 158
452 160
452 161
451 162
450 163
450 164
449 165
449 166
448 167
448 169
447 170
447 171
446 172
446 173
445 174
445 175
444 176
444 178
443 179
443 180
442 181
442 182
441 183
441 184
440 186
440 187
440 188
439 189
439 190
438 191
438 193
437 194
437 195
436 196
436 197
436 198
435 200
435 201
434 202
434 203
433 204
433 205
433 207
432 208
432 209
431 210
431 211
431 212
430 214
430 215
429 216
429 217
429 218
428 219
428 221
427 222
427 223
427 224
426 225
426 227
426 228
425 229
425 230
424 231
424 232
424 234
423 235
423 236
423 237
422 238
422 240
421 241
421 242
421 243
420 244
420 246
420 247
419 248
419 249
419 250
418 251
418 253
417 254
417 255
417 256
416 257
416 259
416 260
415 261
415 262
415 263
414 265
414 266
414 267
413 268
413 269
413 271
412 272
412 273
412 274
411 275
411 277
411 278
410 279
410 280
410 281
409 283
409 284
409 285
408 286
408 287
408 289
407 290
407 291
407 292
406 293
406 295
406 296
405 297
405 298
405 299
405 301
404 302
404 303
404 304
403 305
403 307
403 308
402 309
402 310
402 311
401 313
401 314
401 315
400 316
400 317
400 319
400 320
399 321
399 322
399 323
398 325
398 326
398 327
397 328
397 329
397 331
396 332
396 333
396 334
396 335
395 337
395 338
395 339
394 340
394 341
394 343
393 344
393 345
393 346
393 347
392 349
392 350
392 351
391 352
391 353
391 355
390 356
390 357
390 358
390 360
389 361
389 362
389 363
388 364
388 366
388 367
387 368
387 369
387 370
387 372
386 373
386 374
386 375
385 376
385 378
385 379
384 380
384 381
384 382
384 384
383 385
383 386
383 387
382 388
382 390
382 391
381 392
381 393
381 394
381 396
380 397
380 398
380 399
379 401
379 402
379 403
379 404
378 405
378 407
378 408
377 409
377 410
377 411
376 413
376 414
376 415
376 416
375 417
375 419
375 420
374 421
374 422
374 423
373 425
373 426
373 427
373 428
372 429
372 431
372 432
371 433
371 434
371 435
370 437
370 438
370 439
370 440
369 441
369 443
369 444
368 445
368 446
368 448
367 449
367 450
367 451
366 452
366 454
366 455
366 456
365 457
365 458
365 460
364 461
364 462
364 463
363 464
363 466
363 467
362 468
362 469
362 470
362 472
361 473
361 474
361 475
360 476
360 478
360 479
359 480
359 481
359 482
358 484
358 485
358 486
357 487
357 488
357 490
356 491
356 492
356 493
355 494
355 496
355 497
355 498
354 499
354 500
354 502
353 503
353 504
353 505
352 506
352 508
352 509
351 510
351 511
351 512
350 514
350 515
350 516
349 517
349 518
349 520
348 521
348 522
348 523
347 524
347 526
346 527
346 528
346 529
345 530
345 531
345 533
344 534
344 535
344 536
343 537
343 539
343 540
342 541
342 542
342 543
341 545
341 546
340 547
340 548
340 549
339 551
339 552
339 553
338 554
338 555
337 556
337 558
337 559
336 560
336 561
336 562
335 564
335 565
334 566
334 567
334 568
333 569
333 571
332 572
332 573
332 574
331 575
331 576
330 578
330 579
330 580
329 581
329 582
328 584
328 585
328 586
327 587
327 588
326 589
326 591
325 592
325 593
325 594
324 595
324 596
323 597
323 599
322 600
322 601
321 602
321 603
320 604
320 606
320 607
319 608
319 609
318 610
318 611
317 612
317 614
316 615
316 616
315 617
315 618
314 619
314 620
313 622
313 623
312 624
312 625
311 626
311 627
310 628
310 629
309 631
308 632
308 633
307 634
307 635
306 636
306 637
305 638
304 639
304 640
303 642
303 643
302 644
301 645
301 646
300 647
300 648
299 649
298 650
298 651
297 652
296 653
296 654
295 655
294 657
294 658
293 659
292 660
292 661
291 662
290 663
290 664
289 665
288 666
287 667
287 668
286 669
285 670
284 671
284 672
283 673
282 674
281 675
280 675
280 676
279 677
278 678
277 679
276 680
275 681
274 682
274 683
273 684
272 684
271 685
270 686
269 687
268 688
267 689
266 689
265 690
264 691
263 692
262 692
261 693
260 694
259 694
258 695
257 696
256 696
255 697
254 697
253 698
252 699
250 699
249 700
248 700
247 701
246 701
245 701
244 702
242 702
241 702
240 703
239 703
238 703
236 704
235 704
234 704
233 704
231 704
230 704
229 704
228 704
226 704
225 704
224 704
223 704
221 704
220 704
219 703
218 703
217 703
215 703
214 702
213 702
212 702
211 701
209 701
208 701
207 700
206 700
205 699
204 699
203 698
201 698
200 697
199 697
198 696
197 695
196 695
195 694
194 693
193 693
192 692
191 691
190 691
189 690
188 689
187 688
186 688
185 687
184 686
183 685
182 685
181 684
180 683
179 682
178 681
177 680
176 680
176 679
175 678
174 677
173 676
172 675
171 674
170 673
169 672
169 672
168 671
167 670
166 669
165 668
165 667
164 666
163 665
162 664
161 663
161 662
160 661
159 660
158 659
158 658
157 657
156 656
155 655
155 654
154 653
153 652
153 651
152 650
151 649
151 648
150 647
149 646
148 645
148 644
147 643
146 642
146 641
145 640
144 639
144 638
143 636
143 635
142 634
141 633
141 632
140 631
139 630
139 629
138 628
138 627
137 626
136 625
136 624
135 622
135 621
134 620
133 619
133 618
132 617
132 616
131 615
131 614
130 613
129 611
129 610
128 609
128 608
127 607
127 606
126 605
126 604
125 603
125 601
124 600
123 599
123 598
122 597
122 596
121 595
121 594
120 592
120 591
119 590
119 589
118 588
118 587
117 586
117 584
116 583
116 582
115 581
115 580
115 579
114 578
114 576
113 575
113 574
112 573
112 572
111 571
111 569
110 568
110 567
109 566
109 565
109 564
108 563
108 561
107 560
107 559
106 558
106 557
105 556
105 554
105 553
104 552
104 551
103 550
103 549
103 547
102 546
102 545
101 544
101 543
101 542
100 540
100 539
99 538
99 537
99 536
98 534
98 533
97 532
97 531
97 530
96 529
96 527
95 526
95 525
95 524
94 523
94 521
94 520
93 519
93 518
92 517
92 516
92 514
91 513
91 512
91 511
90 510
90 508
90 507
89 506
89 505
89 504
88 502
88 501
88 500
87 499
87 498
86 496
86 495
86 494
85 493
85 492
85 490
84 489
84 488
84 487
84 486
83 484
83 483
83 482
82 481
82 480
82 478
81 477
81 476
81 475
80 474
80 472
80 471
79 470
79 469
79 468
79 466
78 465
78 464
78 463
77 462
77 460
77 459
76 458
76 457
76 456
76 454
75 453
75 452
75 451
74 450
74 448
74 447
74 446
73 445
73 443
73 442
73 441
72 440
72 439
72 437
71 436
71 435
71 434
71 433
70 431
70 430
70 429
70 428
69 426
69 425
69 424
69 423
68 422
68 420
68 419
68 418
67 417
67 415
67 414
67 413
66 412
66 411
66 409
66 408
65 407
65 406
65 405
65 403
65 402
64 401
64 400
64 398
64 397
63 396
63 395
63 394
63 392
62 391
62 390
62 389
62 387
62 386
61 385
61 384
61 383
61 381
61 380
60 379
60 378
60 376
60 375
59 374
59 373
59 371
59 370
59 369
58 368
58 367
58 365
58 364
58 363
57 362
57 360
57 359
57 358
57 357
56 356
56 354
56 353
56 352
56 351
56 349
55 348
55 347
55 346
55 344
55 343
54 342
54 341
54 340
54 338
54 337
54 336
53 335
53 333
53 332
53 331
53 330
53 328
52 327
52 326
52 325
52 324
52 322
52 321
51 320
51 319
51 317
51 316
51 315
51 314
50 312
50 311
50 310
50 309
50 307
50 306
49 305
49 304
49 303
49 301
49 300
49 299
49 298
48 296
48 295
48 294
48 293
48 291
48 290
48 289
47 288
47 287
47 285
47 284
47 283
47 282
47 280
46 279
46 278
46 277
46 275
46 274
46 273
46 272
46 270
45 269
45 268
45 267
45 265
45 264
45 263
45 262
45 261
44 259
44 258
44 257
44 256
44 254
44 253
44 252
44 251
43 249
43 248
43 247
43 246
43 244
43 243
43 242
43 241
43 239
43 238
42 237
42 236
42 235
42 233
42 232
42 231
42 230
42 228
42 227
41 226
41 225
41 223
41 222
41 221
41 220
41 218
41 217
41 216
41 215
41 213
40 212
40 211
40 210
40 208
40 207
40 206
40 205
40 204
40 202
40 201
40 200
40 199
39 197
39 196
39 195
39 194
39 192
39 191
39 190
39 189
39 187
39 186
39 185
39 184
39 182
38 181
38 180
38 179
38 177
38 176
38 175
38 174
38 172
38 171
38 170
38 169
38 168
38 166
38 165
38 164
37 163
37 161
37 160
37 159
37 158
37 156
37 155
37 154
37 153
37 151
37 150
37 149
37 148
37 146
37 145
37 144
37 143
37 141
37 140
36 139
36 138
36 136
36 135
36 134
36 133
36 131
36 130
36 129
36 128
36 126
36 125
36 124
36 123
36 122
36 120
36 119
36 118
36 117
36 115
36 114
36 113
36 112
36 110
36 109
36 108
36 107
36 105
35 104
35 103
35 102
35 100
35 99
35 98
35 97
35 95
35 94
35 93
35 92
35 90
35 89
35 88
35 87
35 85
35 84
35 83
35 82
35 80
35 79
35 78
35 77
35 76
35 74
35 73
35 72
35 71
35 69
35 68
35 67
35 66
