1
2556
104 106
106 106
108 106
109 106
111 106
113 107
115 107
117 107
119 107
120 107
122 107
124 107
126 107
128 107
129 108
131 108
133 108
135 108
137 108
139 108
140 108
142 108
144 108
146 108
148 109
149 109
151 109
153 109
155 109
157 109
158 109
160 109
162 109
164 109
166 110
168 110
169 110
171 110
173 110
175 110
177 110
178 110
180 110
182 110
184 111
186 111
188 111
189 111
191 111
193 111
195 111
197 111
198 111
200 111
202 111
204 111
206 112
207 112
209 112
211 112
213 112
215 112
217 112
218 112
220 112
222 112
224 112
226 112
227 113
229 113
231 113
233 113
235 113
237 113
238 113
240 113
242 113
244 113
246 113
247 113
249 113
251 113
253 114
255 114
257 114
258 114
260 114
262 114
264 114
266 114
267 114
269 114
271 114
273 114
275 114
277 114
278 114
280 115
282 115
284 115
286 115
287 115
289 115
291 115
293 115
295 115
297 115
298 115
300 115
302 115
304 115
306 115
307 115
309 115
311 115
313 115
315 116
317 116
318 116
320 116
322 116
324 116
326 116
327 116
329 116
331 116
333 116
335 116
336 116
338 116
340 116
342 116
344 116
346 116
347 116
349 116
351 116
353 116
355 116
356 116
358 116
360 117
362 117
364 117
366 117
367 117
369 117
371 117
373 117
375 117
376 117
378 117
380 117
382 117
384 117
386 117
387 117
389 117
391 117
393 117
395 117
396 117
398 117
400 117
402 117
404 117
406 117
407 117
409 117
411 117
413 117
415 117
416 117
418 117
420 117
422 117
424 117
426 117
427 117
429 117
431 117
433 117
435 117
436 117
438 117
440 117
442 117
444 117
446 117
447 117
449 117
451 117
453 117
455 117
456 117
458 117
460 117
462 117
464 117
465 117
467 117
469 117
471 117
473 117
475 117
476 117
478 117
480 117
482 117
484 117
485 117
487 117
489 117
491 117
493 117
495 117
496 117
498 117
500 117
502 117
504 117
505 117
507 117
509 117
511 117
513 117
515 117
516 117
518 117
520 117
522 117
524 117
525 117
527 117
529 117
531 117
533 116
535 116
536 116
538 116
540 116
542 116
544 116
545 116
547 116
549 116
551 116
553 116
554 116
556 116
558 116
560 116
562 116
564 116
565 116
567 116
569 116
571 116
573 116
574 116
576 115
578 115
580 115
582 115
584 115
585 115
587 115
589 115
591 115
593 115
594 115
596 115
598 115
600 115
602 115
603 115
605 115
607 115
609 114
611 114
613 114
614 114
616 114
618 114
620 114
622 114
623 114
625 114
627 114
629 114
631 114
632 114
634 114
636 113
638 113
640 113
642 113
643 113
645 113
647 113
649 113
651 113
652 113
654 113
656 113
658 113
660 112
661 112
663 112
665 112
667 112
669 112
671 112
672 112
674 112
676 112
678 112
680 112
681 112
683 111
685 111
687 111
689 111
691 111
692 111
694 111
696 111
698 111
700 111
701 111
703 110
705 110
707 110
709 110
710 110
712 110
714 110
716 110
718 110
720 110
721 110
723 109
725 109
727 109
729 109
730 109
732 109
734 109
736 109
738 109
739 109
741 109
743 108
745 108
747 108
748 108
750 108
752 108
754 108
756 108
758 108
759 108
761 108
763 107
765 107
767 107
768 107
770 107
772 107
774 107
776 107
777 107
779 107
781 107
783 106
785 106
787 106
788 106
790 106
792 106
794 106
796 106
797 106
799 106
801 106
803 106
805 106
806 105
808 105
810 105
812 105
814 105
816 105
817 105
819 105
821 105
823 105
825 105
826 105
828 105
830 105
832 105
834 104
835 104
837 104
839 104
841 104
843 104
845 104
846 104
848 104
850 104
852 104
854 104
855 104
857 104
859 104
861 104
863 104
864 104
866 104
868 104
870 104
872 104
874 104
875 104
877 104
879 104
881 104
883 104
884 104
886 104
888 104
890 104
892 104
893 104
895 104
897 104
899 105
901 105
903 105
904 105
906 105
908 105
910 105
912 105
913 105
915 106
917 106
919 106
921 106
922 106
924 106
926 107
928 107
930 107
931 107
933 107
935 108
937 108
939 108
940 108
942 109
944 109
946 109
948 110
949 110
951 110
953 111
955 111
956 111
958 112
960 112
962 113
963 113
965 113
967 114
969 114
970 115
972 115
974 116
976 116
977 117
979 118
981 118
983 119
984 119
986 120
988 121
989 121
991 122
993 123
994 123
996 124
998 125
999 126
1001 126
1003 127
1004 128
1006 129
1007 130
1009 131
1011 132
1012 132
1014 133
1015 134
1017 135
1018 136
1020 137
1021 138
1023 139
1024 140
1026 141
1027 142
1029 143
1030 144
1032 145
1033 146
1035 148
1036 149
1038 150
1039 151
1040 152
1042 153
1043 154
1044 156
1046 157
1047 158
1049 159
1050 160
1051 162
1053 163
1054 164
1055 165
1056 167
1058 168
1059 169
1060 170
1062 172
1063 173
1064 174
1065 176
1067 177
1068 178
1069 180
1070 181
1071 182
1073 184
1074 185
1075 186
1076 188
1077 189
1079 191
1080 192
1081 193
1082 195
1083 196
1084 198
1086 199
1087 200
1088 202
1089 203
1090 205
1091 206
1092 207
1093 209
1095 210
1096 212
1097 213
1098 215
1099 216
1100 218
1101 219
1102 220
1103 222
1104 223
1105 225
1106 226
1108 228
1109 229
1110 231
1111 232
1112 234
1113 235
1114 237
1115 238
1116 240
1117 241
1118 243
1119 244
1120 246
1121 247
1122 249
1123 250
1124 252
1125 253
1126 255
1127 256
1128 258
1129 259
1130 261
1131 262
1132 264
1133 265
1134 267
1135 268
1136 270
1137 271
1138 273
1139 274
1140 276
1141 277
1142 279
1143 280
1144 282
1145 283
1146 285
1147 287
1148 288
1149 290
1150 291
1151 293
1152 294
1153 296
1154 297
1154 299
1155 300
1156 302
1157 304
1158 305
1159 307
1160 308
1161 310
1162 311
1163 313
1164 315
1165 316
1165 318
1166 319
1167 321
1168 322
1169 324
1170 326
1171 327
1172 329
1173 330
1173 332
1174 334
1175 335
1176 337
1177 338
1178 340
1179 341
1179 343
1180 345
1181 346
1182 348
1183 350
1184 351
1184 353
1185 354
1186 356
1187 358
1188 359
1189 361
1189 362
1190 364
1191 366
1192 367
1193 369
1193 371
1194 372
1195 374
1196 376
1196 377
1197 379
1198 381
1199 382
1199 384
1200 385
1201 387
1202 389
1202 390
1203 392
1204 394
1205 395
1205 397
1206 399
1207 400
1207 402
1208 404
1209 406
1209 407
1210 409
1211 411
1211 412
1212 414
1213 416
1213 417
1214 419
1215 421
1215 422
1216 424
1216 426
1217 428
1218 429
1218 431
1219 433
1219 434
1220 436
1221 438
1221 440
1222 441
1222 443
1223 445
1223 446
1224 448
1224 450
1225 452
1225 453
1226 455
1226 457
1227 459
1227 460
1228 462
1228 464
1229 466
1229 467
1230 469
1230 471
1230 473
1231 475
1231 476
1232 478
1232 480
1232 482
1233 483
1233 485
1233 487
1234 489
1234 491
1234 492
1235 494
1235 496
1235 498
1235 499
1236 501
1236 503
1236 505
1236 507
1237 508
1237 510
1237 512
1237 514
1237 516
1237 518
1238 519
1238 521
1238 523
1238 525
1238 527
1238 528
1238 530
1238 532
1238 534
1238 536
1238 537
1238 539
1238 541
1238 543
1238 545
1238 546
1238 548
1238 550
1237 552
1237 554
1237 556
1237 557
1237 559
1236 561
1236 563
1236 565
1236 566
1235 568
1235 570
1235 572
1234 573
1234 575
1234 577
1233 579
1233 581
1232 582
1232 584
1231 586
1231 587
1230 589
1230 591
1229 593
1228 594
1228 596
1227 598
1226 599
1226 601
1225 603
1224 604
1224 606
1223 608
1222 609
1221 611
1220 613
1219 614
1219 616
1218 617
1217 619
1216 620
1215 622
1214 624
1213 625
1212 627
1211 628
1210 629
1209 631
1207 632
1206 634
1205 635
1204 637
1203 638
1202 639
1200 641
1199 642
1198 643
1197 645
1196 646
1194 647
1193 649
1192 650
1190 651
1189 652
1188 653
1186 655
1185 656
1183 657
1182 658
1181 659
1179 660
1178 661
1176 662
1175 664
1173 665
1172 666
1170 667
1169 668
1167 669
1166 670
1164 671
1163 671
1161 672
1160 673
1158 674
1156 675
1155 676
1153 677
1152 678
1150 679
1148 679
1147 680
1145 681
1143 682
1142 682
1140 683
1138 684
1137 685
1135 685
1134 686
1132 687
1130 688
1128 688
1127 689
1125 690
1123 690
1122 691
1120 691
1118 692
1117 693
1115 693
1113 694
1111 694
1110 695
1108 696
1106 696
1105 697
1103 697
1101 698
1099 698
1098 699
1096 699
1094 700
1092 700
1091 701
1089 701
1087 702
1085 702
1084 703
1082 703
1080 704
1078 704
1077 705
1075 705
1073 705
1071 706
1070 706
1068 707
1066 707
1064 707
1062 708
1061 708
1059 709
1057 709
1055 709
1054 710
1052 710
1050 710
1048 711
1046 711
1045 711
1043 712
1041 712
1039 712
1038 713
1036 713
1034 713
1032 714
1030 714
1029 714
1027 715
1025 715
1023 715
1021 715
1020 716
1018 716
1016 716
1014 717
1012 717
1011 717
1009 717
1007 718
1005 718
1003 718
1002 718
1000 718
998 719
996 719
994 719
993 719
991 720
989 720
987 720
985 720
984 720
982 721
980 721
978 721
976 721
975 721
973 722
971 722
969 722
967 722
965 722
964 722
962 723
960 723
958 723
956 723
955 723
953 723
951 724
949 724
947 724
946 724
944 724
942 724
940 724
938 725
937 725
935 725
933 725
931 725
929 725
927 725
926 725
924 725
922 726
920 726
918 726
917 726
915 726
913 726
911 726
909 726
908 726
906 726
904 727
902 727
900 727
898 727
897 727
895 727
893 727
891 727
889 727
888 727
886 727
884 727
882 727
880 727
878 728
877 728
875 728
873 728
871 728
869 728
868 728
866 728
864 728
862 728
860 728
858 728
857 728
855 728
853 728
851 728
849 728
848 728
846 728
844 728
842 728
840 728
838 728
837 728
835 728
833 728
831 728
829 728
828 728
826 728
824 728
822 728
820 728
819 728
817 728
815 728
813 728
811 728
809 728
808 728
806 728
804 728
802 728
800 728
799 728
797 728
795 728
793 728
791 728
789 728
788 728
786 728
784 728
782 728
780 728
779 728
777 728
775 728
773 728
771 728
769 728
768 728
766 728
764 727
762 727
760 727
759 727
757 727
755 727
753 727
751 727
749 727
748 727
746 727
744 727
742 727
740 727
739 727
737 727
735 726
733 726
731 726
729 726
728 726
726 726
724 726
722 726
720 726
719 726
717 726
715 726
713 726
711 725
710 725
708 725
706 725
704 725
702 725
700 725
699 725
697 725
695 725
693 725
691 724
690 724
688 724
686 724
684 724
682 724
681 724
679 724
677 724
675 723
673 723
672 723
670 723
668 723
666 723
664 723
662 723
661 723
659 722
657 722
655 722
653 722
652 722
650 722
648 722
646 722
644 721
642 721
641 721
639 721
637 721
635 721
633 721
632 721
630 720
628 720
626 720
624 720
623 720
621 720
619 720
617 719
615 719
613 719
612 719
610 719
608 719
606 718
604 718
603 718
601 718
599 718
597 718
595 718
594 717
592 717
590 717
588 717
586 717
585 717
583 716
581 716
579 716
577 716
575 716
574 716
572 715
570 715
568 715
566 715
565 715
563 715
561 714
559 714
557 714
556 714
554 714
552 713
550 713
548 713
547 713
545 713
543 713
541 712
539 712
537 712
536 712
534 712
532 711
530 711
528 711
527 711
525 711
523 710
521 710
519 710
518 710
516 710
514 709
512 709
510 709
509 709
507 709
505 708
503 708
501 708
500 708
498 708
496 707
494 707
492 707
491 707
489 707
487 706
485 706
483 706
482 706
480 705
478 705
476 705
474 705
472 705
471 704
469 704
467 704
465 704
463 703
462 703
460 703
458 703
456 702
454 702
453 702
451 702
449 702
447 701
445 701
444 701
442 701
440 700
438 700
436 700
435 700
433 699
431 699
429 699
427 699
426 698
424 698
422 698
420 698
418 697
417 697
415 697
413 697
411 696
410 696
408 696
406 695
404 695
402 695
401 695
399 694
397 694
395 694
393 694
392 693
390 693
388 693
386 693
384 692
383 692
381 692
379 691
377 691
375 691
374 691
372 690
370 690
368 690
366 689
365 689
363 689
361 689
359 688
357 688
356 688
354 687
352 687
350 687
349 686
347 686
345 686
343 686
341 685
340 685
338 685
336 684
334 684
332 684
331 683
329 683
327 683
325 682
323 682
322 682
320 681
318 681
316 681
315 680
313 680
311 680
309 679
307 679
306 679
304 678
302 678
300 678
299 677
297 677
295 677
293 676
291 676
290 676
288 675
286 675
284 674
283 674
281 674
279 673
277 673
275 673
274 672
272 672
270 671
268 671
267 671
265 670
263 670
261 670
259 669
258 669
256 668
254 668
252 667
251 667
249 667
247 666
245 666
244 665
242 665
240 664
238 664
237 664
235 663
233 663
231 662
230 662
228 661
226 661
224 660
223 660
221 659
219 659
217 658
216 658
214 657
212 657
210 656
209 656
207 655
205 655
203 654
202 654
200 653
198 653
196 652
195 651
193 651
191 650
190 650
188 649
186 648
185 648
183 647
181 647
179 646
178 645
176 645
174 644
173 643
171 642
169 642
168 641
166 640
164 639
163 639
161 638
160 637
158 636
156 635
155 634
153 633
152 632
150 631
149 630
147 629
146 628
144 627
143 626
142 625
140 624
139 622
138 621
137 620
135 618
134 617
133 615
132 614
132 612
131 610
130 609
130 607
130 605
129 603
129 602
129 600
129 598
129 596
130 594
130 593
130 591
131 589
131 587
132 586
132 584
133 582
134 580
134 579
135 577
135 575
136 574
137 572
137 570
138 568
138 567
139 565
139 563
139 561
140 560
140 558
140 556
141 554
141 552
141 551
141 549
142 547
142 545
142 544
143 542
143 540
144 538
144 537
145 535
146 533
146 532
147 530
148 528
149 527
150 525
151 524
153 523
154 521
155 520
157 519
158 518
160 517
161 516
163 515
164 514
166 513
167 512
169 512
171 511
172 510
174 509
176 509
177 508
179 508
181 507
183 506
184 506
186 505
188 505
190 505
191 504
193 504
195 503
197 503
198 503
200 502
202 502
204 502
206 501
207 501
209 501
211 500
213 500
214 500
216 500
218 499
220 499
222 499
223 499
225 499
227 498
229 498
231 498
232 498
234 498
236 497
238 497
240 497
242 497
243 497
245 497
247 497
249 497
251 496
252 496
254 496
256 496
258 496
260 496
261 496
263 496
265 496
267 496
269 496
270 496
272 495
274 495
276 495
278 495
280 495
281 495
283 495
285 495
287 495
289 495
290 495
292 495
294 495
296 495
298 495
300 495
301 495
303 495
305 495
307 495
309 495
310 495
312 495
314 495
316 495
318 495
319 495
321 495
323 495
325 495
327 495
329 495
330 495
332 495
334 495
336 495
338 495
339 495
341 495
343 495
345 495
347 495
348 495
350 495
352 496
354 496
356 496
358 496
359 496
361 496
363 496
365 496
367 496
368 496
370 496
372 496
374 496
376 496
378 496
379 496
381 496
383 496
385 496
387 496
388 497
390 497
392 497
394 497
396 497
397 497
399 497
401 497
403 497
405 497
407 497
408 497
410 497
412 497
414 497
416 497
417 498
419 498
421 498
423 498
425 498
427 498
428 498
430 498
432 498
434 498
436 498
437 498
439 498
441 498
443 499
445 499
446 499
448 499
450 499
452 499
454 499
456 499
457 499
459 499
461 499
463 499
465 499
466 499
468 500
470 500
472 500
474 500
475 500
477 500
479 500
481 500
483 500
485 500
486 500
488 500
490 501
492 501
494 501
495 501
497 501
499 501
501 501
503 501
505 501
506 501
508 501
510 501
512 501
514 502
515 502
517 502
519 502
521 502
523 502
524 502
526 502
528 502
530 502
532 502
534 502
535 502
537 503
539 503
541 503
543 503
544 503
546 503
548 503
550 503
552 503
553 503
555 503
557 503
559 503
561 504
563 504
564 504
566 504
568 504
570 504
572 504
573 504
575 504
577 504
579 504
581 504
583 504
584 505
586 505
588 505
590 505
592 505
593 505
595 505
597 505
599 505
601 505
602 505
604 505
606 505
608 505
610 506
612 506
613 506
615 506
617 506
619 506
621 506
622 506
624 506
626 506
628 506
630 506
631 506
633 506
635 506
637 507
639 507
641 507
642 507
644 507
646 507
648 507
650 507
651 507
653 507
655 507
657 507
659 507
660 507
662 507
664 507
666 508
668 508
670 508
671 508
673 508
675 508
677 508
679 508
680 508
682 508
684 508
686 508
688 508
690 508
691 508
693 508
695 508
697 508
699 508
700 509
702 509
704 509
706 509
708 509
709 509
711 509
713 509
715 509
717 509
719 509
720 509
722 509
724 509
726 509
728 509
729 509
731 509
733 509
735 509
737 509
739 509
740 509
742 509
744 509
746 509
748 509
749 509
751 509
753 510
755 510
757 510
759 510
760 510
762 510
764 510
766 510
768 510
769 510
771 510
773 510
775 510
777 510
778 510
780 510
782 510
784 510
786 510
788 510
789 510
791 510
793 510
795 510
797 510
798 510
800 510
802 510
804 510
806 510
808 510
809 510
811 510
813 510
815 510
817 510
818 510
820 510
822 509
824 509
826 509
827 509
829 509
831 509
833 509
835 509
837 509
838 509
840 509
842 509
844 509
846 509
847 509
849 509
851 509
853 509
855 509
857 509
858 509
860 508
862 508
864 508
866 508
867 508
869 508
871 508
873 508
875 508
876 508
878 508
880 508
882 507
884 507
886 507
887 507
889 507
891 507
893 507
895 507
896 507
898 506
900 506
902 506
904 506
905 506
907 506
909 506
911 505
913 505
914 505
916 505
918 505
920 505
922 504
923 504
925 504
927 504
929 504
931 503
933 503
934 503
936 503
938 503
940 502
942 502
943 502
945 502
947 501
949 501
950 501
952 500
954 500
956 500
958 500
959 499
961 499
963 499
965 498
967 498
968 498
970 497
972 497
974 496
975 496
977 496
979 495
981 495
982 494
984 494
986 493
988 493
989 492
991 492
993 491
995 490
996 490
998 489
1000 489
1001 488
1003 487
1005 487
1006 486
1008 485
1010 484
1011 484
1013 483
1015 482
1016 481
1018 480
1019 479
1021 478
1022 477
1024 476
1025 475
1027 474
1028 473
1029 472
1031 471
1032 469
1033 468
1035 467
1036 465
1037 464
1038 462
1039 461
1040 459
1041 458
1041 456
1042 454
1043 453
1043 451
1044 449
1044 447
1044 446
1045 444
1045 442
1045 440
1045 438
1045 437
1045 435
1044 433
1044 431
1044 429
1043 428
1043 426
1042 424
1042 422
1041 421
1041 419
1040 417
1039 416
1039 414
1038 412
1037 411
1036 409
1035 408
1034 406
1033 404
1033 403
1032 401
1031 400
1030 398
1029 397
1027 395
1026 394
1025 392
1024 391
1023 390
1022 388
1021 387
1020 385
1019 384
1017 383
1016 381
1015 380
1014 378
1013 377
1011 376
1010 374
1009 373
1008 372
1006 371
1005 369
1004 368
1002 367
1001 366
1000 364
998 363
997 362
996 361
994 359
993 358
992 357
990 356
989 355
988 353
986 352
985 351
983 350
982 349
981 348
979 346
978 345
976 344
975 343
974 342
972 341
971 340
969 339
968 338
966 337
965 335
963 334
962 333
960 332
959 331
958 330
956 329
955 328
953 327
952 326
950 325
949 324
947 323
946 322
944 321
942 320
941 319
939 318
938 317
936 316
935 315
933 314
932 313
930 312
929 311
927 311
925 310
924 309
922 308
921 307
919 306
918 305
916 304
914 303
913 302
911 302
910 301
908 300
906 299
905 298
903 297
902 297
900 296
898 295
897 294
895 293
893 293
892 292
890 291
889 290
887 290
885 289
884 288
882 287
880 287
879 286
877 285
875 284
874 284
872 283
870 282
869 282
867 281
865 280
864 280
862 279
860 278
859 278
857 277
855 276
853 276
852 275
850 274
848 274
847 273
845 273
843 272
841 271
840 271
838 270
836 270
835 269
833 269
831 268
829 267
828 267
826 266
824 266
822 265
821 265
819 264
817 264
816 263
814 263
812 262
810 262
809 261
807 261
805 260
803 260
802 260
800 259
798 259
796 258
794 258
793 257
791 257
789 257
787 256
786 256
784 255
782 255
780 255
779 254
777 254
775 253
773 253
772 253
770 252
768 252
766 252
764 251
763 251
761 251
759 250
757 250
755 250
754 249
752 249
750 249
748 248
747 248
745 248
743 247
741 247
739 247
738 247
736 246
734 246
732 246
730 246
729 245
727 245
725 245
723 244
721 244
720 244
718 244
716 244
714 243
712 243
711 243
709 243
707 242
705 242
703 242
702 242
700 242
698 241
696 241
694 241
693 241
691 241
689 240
687 240
685 240
684 240
682 240
680 239
678 239
676 239
675 239
673 239
671 239
669 238
667 238
666 238
664 238
662 238
660 238
658 238
657 237
655 237
653 237
651 237
649 237
648 237
646 237
644 236
642 236
640 236
638 236
637 236
635 236
633 236
631 236
629 236
628 235
626 235
624 235
622 235
620 235
619 235
617 235
615 235
613 235
611 235
610 234
608 234
606 234
604 234
602 234
600 234
599 234
597 234
595 234
593 234
591 234
590 234
588 234
586 233
584 233
582 233
581 233
579 233
577 233
575 233
573 233
571 233
570 233
568 233
566 233
564 233
562 233
561 233
559 233
557 233
555 233
553 232
552 232
550 232
548 232
546 232
544 232
542 232
541 232
539 232
537 232
535 232
533 232
532 232
530 232
528 232
526 232
524 232
523 232
521 232
519 232
517 232
515 232
513 232
512 232
510 232
508 232
506 232
504 232
503 232
501 232
499 232
497 232
495 232
494 232
492 232
490 232
488 232
486 232
484 231
483 231
481 231
479 231
477 231
475 231
474 231
472 231
470 231
468 231
466 231
465 231
463 231
461 231
459 231
457 231
455 231
454 231
452 231
450 231
448 231
446 231
445 231
443 231
441 231
439 231
437 231
435 231
434 231
432 231
430 231
428 231
426 231
425 231
423 231
421 231
419 231
417 231
416 231
414 231
412 231
410 231
408 231
406 231
405 231
403 231
401 232
399 232
397 232
396 232
394 232
392 232
390 232
388 232
387 232
385 232
383 232
381 232
379 232
377 232
376 232
374 232
372 232
370 232
368 232
367 232
365 232
363 232
361 232
359 232
357 232
356 232
354 232
352 232
350 232
348 232
347 232
345 232
343 232
341 232
339 232
338 232
336 232
334 232
332 232
330 232
328 232
327 232
325 232
323 232
321 232
319 232
318 232
316 232
314 232
312 232
310 232
309 232
307 232
305 232
303 232
301 232
299 232
298 232
296 232
294 232
292 232
290 232
289 232
287 232
285 232
283 232
281 232
279 232
278 232
276 232
274 232
272 232
270 232
269 232
267 232
265 232
263 232
261 232
260 232
258 233
256 233
254 233
252 233
250 233
249 233
247 233
245 233
243 233
241 233
240 233
238 233
236 233
234 233
232 233
230 233
229 233
227 233
225 233
223 233
221 233
220 233
218 233
216 233
214 233
212 233
211 233
209 233
207 233
205 233
203 233
201 233
200 233
198 233
196 233
194 233
192 233
191 233
189 233
187 233
185 233
183 233
181 233
180 233
178 233
176 233
174 233
172 233
171 233
169 233
167 233
165 233
163 233
162 233
160 233
158 233
156 233
154 233
152 233
151 233
149 233
147 233
145 233
143 233
142 233
140 233
138 233
136 233
134 233
132 233
131 233
129 233
127 233
125 233
123 233
122 233
120 233
118 233
116 233
114 233
