27.679072009738494
1992
139 118
141 118
144 117
146 117
148 117
151 117
153 116
155 116
157 116
160 116
162 115
164 115
167 115
169 114
171 114
174 114
176 114
178 113
181 113
183 113
185 113
187 112
190 112
192 112
194 112
197 111
199 111
201 111
204 110
206 110
208 110
211 110
213 109
215 109
217 109
220 109
222 108
224 108
227 108
229 108
231 107
234 107
236 107
238 107
241 106
243 106
245 106
247 106
250 105
252 105
254 105
257 105
259 104
261 104
264 104
266 104
268 103
271 103
273 103
275 103
278 102
280 102
282 102
284 102
287 101
289 101
291 101
294 101
296 101
298 100
301 100
303 100
305 100
308 99
310 99
312 99
314 99
317 98
319 98
321 98
324 98
326 98
328 97
331 97
333 97
335 97
338 96
340 96
342 96
345 96
347 95
349 95
351 95
354 95
356 95
358 94
361 94
363 94
365 94
368 94
370 93
372 93
375 93
377 93
379 92
382 92
384 92
386 92
388 92
391 91
393 91
395 91
398 91
400 91
402 90
405 90
407 90
409 90
412 90
414 89
416 89
419 89
421 89
423 89
425 88
428 88
430 88
432 88
435 88
437 88
439 87
442 87
444 87
446 87
449 87
451 86
453 86
456 86
458 86
460 86
462 86
465 85
467 85
469 85
472 85
474 85
476 84
479 84
481 84
483 84
486 84
488 84
490 83
493 83
495 83
497 83
500 83
502 83
504 83
506 82
509 82
511 82
513 82
516 82
518 82
520 81
523 81
525 81
527 81
530 81
532 81
534 81
537 80
539 80
541 80
544 80
546 80
548 80
550 80
553 80
555 79
557 79
560 79
562 79
564 79
567 79
569 79
571 79
574 78
576 78
578 78
581 78
583 78
585 78
588 78
590 78
592 78
595 77
597 77
599 77
601 77
604 77
606 77
608 77
611 77
613 77
615 77
618 76
620 76
622 76
625 76
627 76
629 76
632 76
634 76
636 76
639 76
641 76
643 76
645 76
648 76
650 75
652 75
655 75
657 75
659 75
662 75
664 75
666 75
669 75
671 75
673 75
676 75
678 75
680 75
683 75
685 75
687 75
690 75
692 75
694 75
696 75
699 75
701 75
703 75
706 75
708 75
710 75
713 75
715 75
717 75
720 75
722 75
724 75
727 75
729 75
731 75
734 75
736 75
738 75
741 75
743 75
745 75
747 75
750 75
752 75
754 75
757 75
759 75
761 75
764 75
766 75
768 75
771 76
773 76
775 76
778 76
780 76
782 76
785 76
787 76
789 76
791 76
794 77
796 77
798 77
801 77
803 77
805 77
808 77
810 77
812 78
815 78
817 78
819 78
822 78
824 78
826 79
828 79
831 79
833 79
835 79
838 79
840 80
842 80
845 80
847 80
849 81
852 81
854 81
856 81
858 81
861 82
863 82
865 82
868 83
870 83
872 83
875 83
877 84
879 84
881 84
884 85
886 85
888 85
891 86
893 86
895 86
898 87
900 87
902 87
904 88
907 88
909 89
911 89
914 89
916 90
918 90
920 91
923 91
925 92
927 92
929 93
932 93
934 94
936 94
938 95
941 95
943 96
945 96
947 97
950 97
952 98
954 99
956 99
959 100
961 100
963 101
965 102
968 102
970 103
972 104
974 105
976 105
979 106
981 107
983 108
985 108
987 109
989 110
992 111
994 112
996 113
998 113
1000 114
1002 115
1004 116
1006 117
1009 118
1011 119
1013 120
1015 121
1017 122
1019 124
1021 125
1023 126
1025 127
1027 128
1029 129
1031 131
1033 132
1035 133
1037 134
1038 136
1040 137
1042 138
1044 140
1046 141
1048 143
1049 144
1051 146
1053 147
1055 149
1056 150
1058 152
1060 154
1061 155
1063 157
1065 159
1066 160
1068 162
1069 164
1071 166
1072 167
1073 169
1075 171
1076 173
1077 175
1079 177
1080 179
1081 181
1083 183
1084 185
1085 187
1086 189
1087 191
1088 193
1089 195
1090 197
1091 199
1092 201
1093 203
1094 205
1095 207
1096 210
1097 212
1097 214
1098 216
1099 218
1100 220
1100 223
1101 225
1102 227
1102 229
1103 232
1104 234
1104 236
1105 238
1106 240
1106 243
1107 245
1107 247
1108 249
1108 252
1109 254
1109 256
1110 259
1110 261
1110 263
1111 265
1111 268
1112 270
1112 272
1113 274
1113 277
1113 279
1114 281
1114 284
1114 286
1115 288
1115 290
1115 293
1116 295
1116 297
1116 300
1117 302
1117 304
1117 306
1118 309
1118 311
1118 313
1119 316
1119 318
1119 320
1120 323
1120 325
1120 327
1121 329
1121 332
1121 334
1122 336
1122 339
1122 341
1123 343
1123 345
1123 348
1124 350
1124 352
1125 355
1125 357
1125 359
1126 361
1126 364
1126 366
1127 368
1127 371
1128 373
1128 375
1129 377
1129 380
1129 382
1130 384
1130 386
1131 389
1131 391
1132 393
1132 395
1133 398
1133 400
1134 402
1134 405
1135 407
1135 409
1136 411
1136 414
1137 416
1137 418
1138 420
1138 423
1139 425
1139 427
1140 429
1140 432
1141 434
1142 436
1142 438
1143 441
1143 443
1144 445
1144 447
1145 450
1145 452
1146 454
1146 456
1147 459
1147 461
1148 463
1148 465
1149 468
1149 470
1150 472
1150 475
1150 477
1151 479
1151 481
1152 484
1152 486
1153 488
1153 490
1153 493
1154 495
1154 497
1154 500
1155 502
1155 504
1155 506
1156 509
1156 511
1156 513
1156 516
1157 518
1157 520
1157 523
1157 525
1157 527
1157 530
1158 532
1158 534
1158 536
1158 539
1158 541
1158 543
1158 546
1158 548
1158 550
1157 553
1157 555
1157 557
1157 560
1157 562
1156 564
1156 566
1156 569
1155 571
1155 573
1155 576
1154 578
1154 580
1153 582
1152 585
1152 587
1151 589
1150 591
1150 593
1149 596
1148 598
1147 600
1146 602
1145 604
1144 606
1143 608
1142 610
1141 612
1140 614
1139 616
1138 618
1136 620
1135 622
1134 624
1132 626
1131 628
1130 630
1128 632
1127 633
1125 635
1123 637
1122 638
1120 640
1119 642
1117 643
1115 645
1114 646
1112 648
1110 649
1108 651
1106 652
1105 654
1103 655
1101 656
1099 658
1097 659
1095 660
1093 662
1091 663
1089 664
1087 665
1085 666
1083 668
1081 669
1079 670
1077 671
1075 672
1073 673
1071 674
1069 675
1067 676
1065 677
1062 678
1060 679
1058 680
1056 680
1054 681
1052 682
1050 683
1047 684
1045 685
1043 685
1041 686
1039 687
1036 688
1034 688
1032 689
1030 690
1028 691
1025 691
1023 692
1021 692
1019 693
1017 694
1014 694
1012 695
1010 696
1008 696
1005 697
1003 697
1001 698
999 698
996 699
994 699
992 700
990 700
987 701
985 701
983 702
980 702
978 703
976 703
974 704
971 704
969 704
967 705
965 705
962 706
960 706
958 707
955 707
953 707
951 708
949 708
946 708
944 709
942 709
939 709
937 710
935 710
933 710
930 711
928 711
926 711
923 712
921 712
919 712
916 713
914 713
912 713
910 713
907 714
905 714
903 714
900 715
898 715
896 715
893 715
891 716
889 716
886 716
884 716
882 716
880 717
877 717
875 717
873 717
870 718
868 718
866 718
863 718
861 718
859 719
856 719
854 719
852 719
850 719
847 719
845 720
843 720
840 720
838 720
836 720
833 720
831 721
829 721
826 721
824 721
822 721
819 721
817 721
815 721
813 722
810 722
808 722
806 722
803 722
801 722
799 722
796 722
794 723
792 723
789 723
787 723
785 723
782 723
780 723
778 723
775 723
773 723
771 723
769 723
766 724
764 724
762 724
759 724
757 724
755 724
752 724
750 724
748 724
745 724
743 724
741 724
738 724
736 724
734 724
731 724
729 724
727 724
724 724
722 724
720 724
717 724
715 724
713 724
711 724
708 724
706 725
704 725
701 725
699 725
697 725
694 725
692 725
690 725
687 725
685 724
683 724
680 724
678 724
676 724
673 724
671 724
669 724
666 724
664 724
662 724
660 724
657 724
655 724
653 724
650 724
648 724
646 724
643 724
641 724
639 724
636 724
634 724
632 724
629 724
627 724
625 724
622 723
620 723
618 723
615 723
613 723
611 723
608 723
606 723
604 723
601 723
599 723
597 723
594 723
592 722
590 722
588 722
585 722
583 722
581 722
578 722
576 722
574 722
571 722
569 721
567 721
564 721
562 721
560 721
557 721
555 721
553 721
550 720
548 720
546 720
543 720
541 720
539 720
537 720
534 720
532 719
530 719
527 719
525 719
523 719
520 719
518 719
516 718
513 718
511 718
509 718
506 718
504 718
502 717
500 717
497 717
495 717
493 717
490 717
488 716
486 716
483 716
481 716
479 716
476 715
474 715
472 715
469 715
467 715
465 715
463 714
460 714
458 714
456 714
453 714
451 713
449 713
446 713
444 713
442 712
439 712
437 712
435 712
433 712
430 711
428 711
426 711
423 711
421 710
419 710
416 710
414 710
412 709
409 709
407 709
405 709
403 708
400 708
398 708
396 708
393 707
391 707
389 707
386 707
384 706
382 706
380 706
377 705
375 705
373 705
370 705
368 704
366 704
363 704
361 703
359 703
357 703
354 703
352 702
350 702
347 702
345 701
343 701
340 701
338 700
336 700
334 700
331 699
329 699
327 699
324 698
322 698
320 698
318 697
315 697
313 696
311 696
308 696
306 695
304 695
302 695
299 694
297 694
295 693
292 693
290 693
288 692
286 692
283 691
281 691
279 691
276 690
274 690
272 689
270 689
267 688
265 688
263 688
260 687
258 687
256 686
254 686
251 685
249 685
247 684
245 684
242 683
240 683
238 682
236 682
233 681
231 681
229 680
227 680
224 679
222 679
220 678
218 677
215 677
213 676
211 676
209 675
206 674
204 674
202 673
200 673
197 672
195 671
193 671
191 670
189 669
186 669
184 668
182 667
180 666
178 666
175 665
173 664
171 663
169 663
167 662
164 661
162 660
160 659
158 658
156 658
154 657
152 656
149 655
147 654
145 653
143 652
141 651
139 650
137 649
135 648
133 647
131 646
129 644
127 643
125 642
123 641
121 640
119 638
117 637
115 636
113 634
111 633
110 631
108 630
106 628
104 627
103 625
101 624
100 622
98 620
96 618
95 617
94 615
92 613
91 611
90 609
89 607
88 605
87 603
86 601
85 598
84 596
84 594
83 592
83 590
82 587
82 585
82 583
82 580
82 578
82 576
82 573
82 571
83 569
83 567
84 564
84 562
85 560
85 558
86 555
87 553
88 551
88 549
89 547
90 544
91 542
92 540
93 538
94 536
95 534
96 532
97 530
98 528
99 526
101 524
102 522
103 520
104 518
105 516
107 514
108 512
109 510
110 508
112 506
113 504
114 502
115 500
117 498
118 497
119 495
121 493
122 491
123 489
125 487
126 485
127 483
129 481
130 479
131 478
132 476
134 474
135 472
136 470
138 468
139 466
140 464
142 462
143 460
144 459
146 457
147 455
148 453
150 451
151 449
152 447
154 445
155 444
157 442
158 440
159 438
161 436
162 434
163 432
165 430
166 429
168 427
169 425
170 423
172 421
173 420
175 418
176 416
178 414
179 412
181 411
182 409
184 407
185 405
187 404
188 402
190 400
192 399
193 397
195 395
197 394
198 392
200 391
202 389
203 388
205 386
207 385
209 383
211 382
213 381
215 380
217 379
219 378
221 377
223 376
225 375
228 374
230 374
232 374
235 374
237 374
239 374
241 374
244 375
246 376
248 377
250 378
252 379
254 380
256 382
257 383
259 385
261 386
263 388
264 390
266 391
268 393
269 395
271 396
272 398
274 400
275 401
277 403
278 405
280 407
281 409
283 410
284 412
286 414
287 416
289 417
290 419
291 421
293 423
294 425
296 426
297 428
299 430
300 432
302 433
303 435
305 437
307 439
308 440
310 442
311 444
313 446
314 447
316 449
317 451
319 452
321 454
322 456
324 457
326 459
327 460
329 462
331 464
332 465
334 467
336 468
337 470
339 471
341 473
343 474
344 476
346 477
348 479
350 480
352 482
353 483
355 485
357 486
359 487
361 489
363 490
365 491
366 493
368 494
370 495
372 497
374 498
376 499
378 500
380 501
382 503
384 504
386 505
388 506
390 507
392 508
394 509
396 510
398 512
400 513
403 514
405 515
407 516
409 516
411 517
413 518
415 519
417 520
419 521
422 522
424 523
426 524
428 524
430 525
432 526
435 527
437 527
439 528
441 529
443 530
446 530
448 531
450 532
452 532
455 533
457 534
459 534
461 535
463 535
466 536
468 536
470 537
472 538
475 538
477 539
479 539
481 540
484 540
486 541
488 541
491 542
493 542
495 543
497 543
500 543
502 544
504 544
506 545
509 545
511 545
513 546
516 546
518 547
520 547
522 547
525 548
527 548
529 548
532 549
534 549
536 549
539 549
541 550
543 550
545 550
548 551
550 551
552 551
555 551
557 552
559 552
562 552
564 552
566 552
568 553
571 553
573 553
575 553
578 553
580 554
582 554
585 554
587 554
589 554
592 554
594 554
596 555
598 555
601 555
603 555
605 555
608 555
610 555
612 555
615 555
617 555
619 556
622 556
624 556
626 556
629 556
631 556
633 556
635 556
638 556
640 556
642 556
645 556
647 556
649 556
652 556
654 556
656 556
659 556
661 556
663 556
666 556
668 556
670 556
673 556
675 556
677 556
679 555
682 555
684 555
686 555
689 555
691 555
693 555
696 555
698 555
700 555
703 554
705 554
707 554
710 554
712 554
714 554
716 554
719 553
721 553
723 553
726 553
728 553
730 552
733 552
735 552
737 552
740 552
742 551
744 551
746 551
749 551
751 550
753 550
756 550
758 550
760 549
763 549
765 549
767 548
769 548
772 548
774 548
776 547
779 547
781 547
783 546
785 546
788 545
790 545
792 545
795 544
797 544
799 543
801 543
804 543
806 542
808 542
811 541
813 541
815 540
817 540
820 539
822 539
824 538
826 538
829 537
831 537
833 536
835 536
838 535
840 534
842 534
844 533
847 533
849 532
851 531
853 531
855 530
858 529
860 528
862 528
864 527
866 526
869 525
871 525
873 524
875 523
877 522
879 521
881 520
884 520
886 519
888 518
890 517
892 516
894 515
896 514
898 513
900 512
902 511
905 510
907 509
909 507
911 506
913 505
915 504
917 503
919 502
920 500
922 499
924 498
926 496
928 495
930 494
932 492
934 491
935 489
937 488
939 487
941 485
943 483
944 482
946 480
948 479
949 477
951 475
952 474
954 472
956 470
957 469
959 467
960 465
961 463
963 461
964 459
966 458
967 456
968 454
969 452
971 450
972 448
973 446
974 444
975 442
976 440
977 438
978 436
979 433
980 431
981 429
982 427
983 425
984 423
984 421
985 418
986 416
987 414
987 412
988 410
989 407
989 405
990 403
990 401
991 398
991 396
992 394
992 392
992 389
992 387
993 385
993 382
993 380
993 378
993 375
993 373
993 371
993 368
992 366
992 364
992 362
991 359
991 357
990 355
990 353
989 350
989 348
988 346
987 344
986 342
985 340
984 337
983 335
982 333
981 331
979 329
978 327
977 326
976 324
974 322
973 320
971 318
970 317
968 315
967 313
965 312
963 310
962 308
960 307
958 305
956 304
954 302
953 301
951 299
949 298
947 297
945 295
943 294
941 293
939 292
937 290
935 289
933 288
931 287
929 286
927 285
925 284
923 283
921 281
919 280
917 279
915 278
913 277
911 277
909 276
907 275
904 274
902 273
900 272
898 271
896 270
894 269
891 269
889 268
887 267
885 266
883 266
881 265
878 264
876 263
874 263
872 262
870 261
867 261
865 260
863 259
861 259
858 258
856 257
854 257
852 256
850 255
847 255
845 254
843 254
841 253
838 253
836 252
834 252
832 251
829 251
827 250
825 249
822 249
820 249
818 248
816 248
813 247
811 247
809 246
807 246
804 245
802 245
800 244
798 244
795 244
793 243
791 243
788 242
786 242
784 242
782 241
779 241
777 241
775 240
772 240
770 239
768 239
766 239
763 238
761 238
759 238
756 237
754 237
752 237
749 237
747 236
745 236
743 236
740 235
738 235
736 235
733 235
731 234
729 234
726 234
724 234
722 233
720 233
717 233
715 233
713 232
710 232
708 232
706 232
703 231
701 231
699 231
696 231
694 231
692 230
690 230
687 230
685 230
683 230
680 229
678 229
676 229
673 229
671 229
669 229
666 228
664 228
662 228
660 228
657 228
655 228
653 227
650 227
648 227
646 227
643 227
641 227
639 227
636 226
634 226
632 226
629 226
627 226
625 226
623 226
620 226
618 226
616 225
613 225
611 225
609 225
606 225
604 225
602 225
599 225
597 225
595 225
592 224
590 224
588 224
585 224
583 224
581 224
579 224
576 224
574 224
572 224
569 224
567 224
565 224
562 224
560 224
558 224
555 223
553 223
551 223
548 223
546 223
544 223
541 223
539 223
537 223
535 223
532 223
530 223
528 223
525 223
523 223
521 223
518 223
516 223
514 223
511 223
509 223
507 223
504 223
502 223
500 223
497 223
495 223
493 223
490 223
488 223
486 223
484 223
481 223
479 223
477 223
474 223
472 223
470 223
467 223
465 223
463 223
460 223
458 223
456 223
453 223
451 223
449 223
446 223
444 223
442 223
439 223
437 223
435 224
432 224
430 224
428 224
426 224
423 224
421 224
419 224
416 224
414 224
412 224
409 224
407 224
405 224
402 224
400 224
398 224
395 224
393 224
391 225
388 225
386 225
384 225
381 225
379 225
377 225
375 225
372 225
370 225
368 225
365 225
363 225
361 225
358 226
356 226
354 226
351 226
349 226
347 226
344 226
342 226
340 226
337 226
335 226
333 227
330 227
328 227
326 227
323 227
321 227
319 227
317 227
314 227
312 227
310 228
307 228
305 228
303 228
300 228
298 228
296 228
293 228
291 228
289 229
286 229
284 229
282 229
279 229
277 229
275 229
272 229
270 230
268 230
266 230
263 230
261 230
259 230
256 230
254 230
252 231
249 231
247 231
245 231
242 231
240 231
238 231
235 231
233 232
231 232
228 232
226 232
224 232
222 232
219 232
217 233
215 233
212 233
210 233
208 233
205 233
203 233
201 234
198 234
196 234
194 234
191 234
189 234
187 235
184 235
182 235
180 235
178 235
175 235
173 235
171 236
168 236
166 236
