40.05146945480724
1937
76 105
78 104
79 104
81 103
82 103
84 102
85 102
87 101
88 101
90 100
91 100
93 99
94 99
96 98
97 98
99 97
100 97
102 96
103 96
105 95
106 95
108 94
109 94
111 93
113 93
114 92
116 92
117 91
119 91
120 90
122 90
123 89
125 89
126 88
128 88
129 87
131 87
132 87
134 86
136 86
137 85
139 85
140 84
142 84
143 83
145 83
146 82
148 82
149 82
151 81
153 81
154 80
156 80
157 79
159 79
160 79
162 78
163 78
165 77
166 77
168 76
170 76
171 76
173 75
174 75
176 74
177 74
179 74
180 73
182 73
184 72
185 72
187 72
188 71
190 71
191 71
193 70
194 70
196 69
198 69
199 69
201 68
202 68
204 68
205 67
207 67
208 66
210 66
212 66
213 65
215 65
216 65
218 64
219 64
221 64
223 63
224 63
226 63
227 62
229 62
230 62
232 61
234 61
235 61
237 61
238 60
240 60
241 60
243 59
245 59
246 59
248 58
249 58
251 58
253 58
254 57
256 57
257 57
259 56
260 56
262 56
264 56
265 55
267 55
268 55
270 55
272 54
273 54
275 54
276 54
278 53
279 53
281 53
283 53
284 52
286 52
287 52
289 52
291 52
292 51
294 51
295 51
297 51
299 50
300 50
302 50
303 50
305 50
306 49
308 49
310 49
311 49
313 49
314 49
316 48
318 48
319 48
321 48
322 48
324 48
326 47
327 47
329 47
330 47
332 47
334 47
335 47
337 46
338 46
340 46
342 46
343 46
345 46
346 46
348 46
350 45
351 45
353 45
354 45
356 45
358 45
359 45
361 45
362 45
364 45
366 44
367 44
369 44
370 44
372 44
374 44
375 44
377 44
378 44
380 44
382 44
383 44
385 44
386 44
388 44
390 44
391 44
393 44
394 44
396 44
398 44
399 44
401 44
402 44
404 44
406 44
407 44
409 44
410 44
412 44
414 44
415 44
417 44
418 44
420 44
422 44
423 44
425 44
426 44
428 44
430 44
431 44
433 44
434 44
436 44
438 44
439 45
441 45
443 45
444 45
446 45
447 45
449 45
451 45
452 45
454 45
455 46
457 46
458 46
460 46
462 46
463 46
465 46
466 47
468 47
470 47
471 47
473 47
474 47
476 47
478 48
479 48
481 48
482 48
484 48
486 49
487 49
489 49
490 49
492 49
494 50
495 50
497 50
498 50
500 51
501 51
503 51
505 51
506 52
508 52
509 52
511 52
513 53
514 53
516 53
517 53
519 54
520 54
522 54
524 55
525 55
527 55
528 56
530 56
531 56
533 57
535 57
536 57
538 58
539 58
541 58
542 59
544 59
545 59
547 60
549 60
550 61
552 61
553 61
555 62
556 62
558 63
559 63
561 63
563 64
564 64
566 65
567 65
569 66
570 66
572 66
573 67
575 67
576 68
578 68
579 69
581 69
582 70
584 70
586 71
587 71
589 72
590 72
592 73
593 73
595 74
596 74
598 75
599 76
601 76
602 77
604 77
605 78
607 78
608 79
610 80
611 80
613 81
614 81
616 82
617 83
618 83
620 84
621 85
623 85
624 86
626 87
627 87
629 88
630 89
632 89
633 90
634 91
636 91
637 92
639 93
640 94
642 94
643 95
644 96
646 97
647 97
649 98
650 99
651 100
653 101
654 101
656 102
657 103
658 104
660 105
661 106
662 106
664 107
665 108
666 109
668 110
669 111
670 112
672 113
673 113
674 114
676 115
677 116
678 117
680 118
681 119
682 120
683 121
685 122
686 123
687 124
688 125
690 126
691 127
692 128
693 129
694 130
696 131
697 133
698 134
699 135
700 136
701 137
702 138
703 139
705 140
706 142
707 143
708 144
709 145
710 146
711 148
712 149
713 150
714 151
715 153
716 154
717 155
718 157
719 158
719 159
720 161
721 162
722 163
723 165
724 166
724 168
725 169
726 170
726 172
727 173
728 175
728 176
729 178
729 179
730 181
730 182
731 184
731 186
731 187
732 189
732 190
732 192
732 193
732 195
732 197
732 198
732 200
732 201
732 203
732 205
732 206
731 208
731 209
731 211
730 212
729 214
729 215
728 217
727 218
727 220
726 221
725 222
724 224
723 225
722 226
721 227
720 229
719 230
718 231
717 232
715 233
714 234
713 235
712 236
710 237
709 238
708 239
706 239
705 240
703 241
702 242
701 242
699 243
698 244
696 244
695 245
693 245
692 246
690 246
689 247
687 247
686 248
684 248
682 249
681 249
679 250
678 250
676 250
675 251
673 251
672 251
670 251
668 252
667 252
665 252
664 252
662 253
660 253
659 253
657 253
656 253
654 253
652 253
651 254
649 254
648 254
646 254
645 254
643 254
641 254
640 254
638 254
636 254
635 254
633 254
632 254
630 254
628 254
627 254
625 254
624 254
622 254
620 254
619 254
617 254
616 254
614 254
612 254
611 254
609 254
608 254
606 253
604 253
603 253
601 253
600 253
598 253
596 253
595 253
593 253
592 253
590 252
588 252
587 252
585 252
584 252
582 252
581 252
579 252
577 251
576 251
574 251
573 251
571 251
569 251
568 251
566 250
565 250
563 250
561 250
560 250
558 250
557 250
555 249
553 249
552 249
550 249
549 249
547 249
545 248
544 248
542 248
541 248
539 248
537 248
536 247
534 247
533 247
531 247
529 247
528 247
526 246
525 246
523 246
522 246
520 246
518 245
517 245
515 245
514 245
512 245
510 245
509 244
507 244
506 244
504 244
502 244
501 244
499 243
498 243
496 243
494 243
493 243
491 243
490 242
488 242
486 242
485 242
483 242
482 242
480 241
478 241
477 241
475 241
474 241
472 241
471 240
469 240
467 240
466 240
464 240
463 240
461 240
459 239
458 239
456 239
455 239
453 239
451 239
450 239
448 238
447 238
445 238
443 238
442 238
440 238
439 238
437 238
435 237
434 237
432 237
431 237
429 237
427 237
426 237
424 237
423 236
421 236
419 236
418 236
416 236
415 236
413 236
411 236
410 236
408 236
407 236
405 235
403 235
402 235
400 235
399 235
397 235
395 235
394 235
392 235
391 235
389 235
387 235
386 235
384 235
383 235
381 235
379 235
378 235
376 235
375 235
373 235
371 235
370 235
368 235
367 235
365 235
363 235
362 235
360 235
359 235
357 235
355 235
354 235
352 235
351 235
349 235
347 235
346 235
344 235
343 235
341 235
339 235
338 235
336 236
335 236
333 236
331 236
330 236
328 236
327 236
325 236
323 237
322 237
320 237
319 237
317 237
315 237
314 238
312 238
311 238
309 238
307 238
306 239
304 239
303 239
301 239
300 240
298 240
296 240
295 240
293 241
292 241
290 241
289 242
287 242
285 242
284 243
282 243
281 243
279 244
278 244
276 245
275 245
273 245
271 246
270 246
268 247
267 247
265 248
264 248
262 249
261 249
259 250
258 250
256 251
255 251
253 252
252 253
250 253
249 254
247 254
246 255
244 256
243 256
241 257
240 258
239 259
237 259
236 260
234 261
233 262
232 262
230 263
229 264
228 265
226 266
225 267
224 268
222 269
221 269
220 270
218 271
217 272
216 273
215 274
213 275
212 276
211 277
210 279
209 280
207 281
206 282
205 283
204 284
203 285
202 286
201 288
200 289
199 290
197 291
196 292
195 294
194 295
193 296
192 297
191 299
191 300
190 301
189 303
188 304
187 305
186 306
185 308
184 309
183 311
183 312
182 313
181 315
180 316
179 317
179 319
178 320
177 322
176 323
176 325
175 326
174 327
174 329
173 330
172 332
172 333
171 335
170 336
170 338
169 339
169 341
168 342
168 344
167 345
167 347
166 348
166 350
165 351
165 353
164 354
164 356
163 357
163 359
162 361
162 362
162 364
161 365
161 367
161 368
160 370
160 371
160 373
159 375
159 376
159 378
158 379
158 381
158 383
158 384
157 386
157 387
157 389
157 390
156 392
156 394
156 395
156 397
156 398
156 400
156 402
155 403
155 405
155 406
155 408
155 410
155 411
155 413
155 414
155 416
155 418
155 419
155 421
155 422
155 424
155 426
155 427
155 429
155 430
155 432
155 434
155 435
155 437
155 438
155 440
155 442
155 443
156 445
156 446
156 448
156 450
156 451
156 453
156 454
157 456
157 458
157 459
157 461
157 462
158 464
158 465
158 467
158 469
159 470
159 472
159 473
159 475
160 477
160 478
160 480
161 481
161 483
161 484
162 486
162 488
162 489
163 491
163 492
164 494
164 495
164 497
165 498
165 500
166 501
166 503
167 505
167 506
167 508
168 509
168 511
169 512
169 514
170 515
170 517
171 518
171 520
172 521
173 523
173 524
174 526
174 527
175 529
175 530
176 532
177 533
177 535
178 536
179 538
179 539
180 541
180 542
181 543
182 545
182 546
183 548
184 549
185 551
185 552
186 554
187 555
188 556
188 558
189 559
190 561
191 562
191 563
192 565
193 566
194 568
195 569
195 570
196 572
197 573
198 574
199 576
200 577
201 578
202 580
202 581
203 582
204 584
205 585
206 586
207 588
208 589
209 590
210 591
211 593
212 594
213 595
214 596
215 598
216 599
217 600
218 601
219 603
220 604
221 605
222 606
223 607
225 608
226 610
227 611
228 612
229 613
230 614
231 615
232 616
234 618
235 619
236 620
237 621
238 622
240 623
241 624
242 625
243 626
244 627
246 628
247 629
248 630
250 631
251 632
252 633
253 634
255 635
256 636
257 637
259 637
260 638
261 639
263 640
264 641
265 642
267 643
268 644
269 644
271 645
272 646
273 647
275 648
276 648
278 649
279 650
280 651
282 652
283 652
285 653
286 654
288 655
289 655
290 656
292 657
293 657
295 658
296 659
298 659
299 660
301 661
302 661
304 662
305 663
307 663
308 664
309 664
311 665
312 666
314 666
315 667
317 667
318 668
320 668
321 669
323 669
324 670
326 671
327 671
329 672
331 672
332 673
334 673
335 674
337 674
338 675
340 675
341 675
343 676
344 676
346 677
347 677
349 678
350 678
352 678
354 679
355 679
357 680
358 680
360 680
361 681
363 681
364 682
366 682
368 682
369 683
371 683
372 683
374 684
375 684
377 684
379 685
380 685
382 685
383 686
385 686
386 686
388 687
390 687
391 687
393 687
394 688
396 688
397 688
399 689
401 689
402 689
404 689
405 690
407 690
409 690
410 690
412 690
413 691
415 691
416 691
418 691
420 692
421 692
423 692
424 692
426 692
428 693
429 693
431 693
432 693
434 693
436 694
437 694
439 694
440 694
442 694
443 694
445 695
447 695
448 695
450 695
451 695
453 695
455 695
456 696
458 696
459 696
461 696
463 696
464 696
466 696
467 696
469 697
471 697
472 697
474 697
475 697
477 697
479 697
480 697
482 697
483 697
485 698
487 698
488 698
490 698
491 698
493 698
495 698
496 698
498 698
499 698
501 698
503 698
504 698
506 699
507 699
509 699
511 699
512 699
514 699
515 699
517 699
519 699
520 699
522 699
523 699
525 699
527 699
528 699
530 699
531 699
533 699
535 699
536 699
538 699
539 699
541 699
543 699
544 699
546 699
547 700
549 700
551 700
552 700
554 700
555 700
557 700
559 700
560 700
562 700
563 700
565 700
567 700
568 700
570 700
571 700
573 700
575 700
576 700
578 700
579 700
581 700
583 700
584 700
586 700
587 700
589 700
591 700
592 700
594 700
596 700
597 700
599 700
600 700
602 700
604 700
605 700
607 700
608 699
610 699
612 699
613 699
615 699
616 699
618 699
620 699
621 699
623 699
624 699
626 699
628 699
629 699
631 699
632 699
634 699
636 699
637 699
639 699
640 699
642 699
644 699
645 699
647 699
648 699
650 699
652 699
653 699
655 699
656 699
658 699
660 699
661 699
663 699
664 699
666 699
668 699
669 699
671 699
672 699
674 699
676 699
677 699
679 699
680 699
682 699
684 699
685 699
687 699
688 699
690 699
692 699
693 699
695 699
696 699
698 699
700 699
701 699
703 699
704 699
706 699
708 699
709 699
711 699
712 699
714 699
716 699
717 699
719 699
720 699
722 699
724 699
725 699
727 699
728 699
730 699
732 699
733 699
735 699
736 699
738 699
740 699
741 699
743 699
744 699
746 699
748 699
749 699
751 698
752 698
754 698
756 698
757 698
759 698
760 698
762 698
764 698
765 698
767 698
769 698
770 698
772 698
773 698
775 698
777 698
778 698
780 698
781 698
783 698
785 698
786 697
788 697
789 697
791 697
792 697
794 697
796 697
797 697
799 697
800 697
802 697
804 697
805 696
807 696
808 696
810 696
812 696
813 696
815 696
816 696
818 695
820 695
821 695
823 695
824 695
826 695
828 694
829 694
831 694
832 694
834 694
836 694
837 693
839 693
840 693
842 693
844 692
845 692
847 692
848 692
850 691
851 691
853 691
855 691
856 690
858 690
859 690
861 689
862 689
864 689
866 688
867 688
869 688
870 687
872 687
873 686
875 686
876 686
878 685
879 685
881 684
883 684
884 683
886 683
887 682
889 682
890 681
892 681
893 680
895 680
896 679
898 678
899 678
901 677
902 676
903 676
905 675
906 674
908 674
909 673
911 672
912 671
913 671
915 670
916 669
918 668
919 667
920 666
922 666
923 665
924 664
925 663
927 662
928 661
929 660
930 659
932 658
933 657
934 656
935 654
936 653
937 652
939 651
940 650
941 649
942 647
943 646
944 645
945 644
946 642
947 641
948 640
948 638
949 637
950 636
951 634
952 633
953 632
953 630
954 629
955 627
956 626
956 625
957 623
958 622
958 620
959 619
960 617
960 616
961 614
961 613
962 611
962 610
963 608
963 607
964 605
964 604
965 602
965 601
965 599
966 597
966 596
967 594
967 593
967 591
968 590
968 588
968 586
968 585
969 583
969 582
969 580
970 579
970 577
970 575
970 574
970 572
971 571
971 569
971 567
971 566
971 564
972 563
972 561
972 560
972 558
972 556
972 555
972 553
973 552
973 550
973 548
973 547
973 545
973 544
973 542
973 540
973 539
973 537
973 536
973 534
973 532
973 531
974 529
974 528
974 526
974 524
974 523
974 521
974 520
974 518
974 516
974 515
974 513
974 512
974 510
974 508
974 507
973 505
973 504
973 502
973 500
973 499
973 497
973 496
973 494
973 492
973 491
973 489
973 488
973 486
973 484
973 483
973 481
973 480
973 478
972 476
972 475
972 473
972 472
972 470
972 468
972 467
972 465
972 464
972 462
971 460
971 459
971 457
971 456
971 454
971 452
971 451
971 449
971 448
970 446
970 444
970 443
970 441
970 440
970 438
970 436
970 435
969 433
969 432
969 430
969 428
969 427
969 425
969 424
968 422
968 420
968 419
968 417
968 416
968 414
968 412
967 411
967 409
967 408
967 406
967 404
967 403
966 401
966 400
966 398
966 397
966 395
966 393
966 392
965 390
965 389
965 387
965 385
965 384
965 382
964 381
964 379
964 377
964 376
964 374
964 373
964 371
963 369
963 368
963 366
963 365
963 363
963 361
962 360
962 358
962 357
962 355
962 353
962 352
961 350
961 349
961 347
961 345
961 344
961 342
961 341
960 339
960 338
960 336
960 334
960 333
960 331
960 330
959 328
959 326
959 325
959 323
959 322
959 320
959 318
959 317
958 315
958 314
958 312
958 310
958 309
958 307
958 306
958 304
958 302
957 301
957 299
957 298
957 296
957 294
957 293
957 291
957 290
957 288
957 286
957 285
956 283
956 282
956 280
956 278
956 277
956 275
956 274
956 272
956 270
956 269
956 267
956 266
956 264
956 262
956 261
956 259
956 258
956 256
956 254
956 253
956 251
956 250
956 248
956 246
956 245
956 243
957 242
957 240
957 238
957 237
957 235
957 234
957 232
957 230
958 229
958 227
958 226
958 224
958 222
959 221
959 219
959 218
959 216
959 215
960 213
960 211
960 210
961 208
961 207
961 205
962 204
962 202
962 200
963 199
963 197
963 196
964 194
964 193
965 191
965 190
966 188
966 187
967 185
967 184
968 182
968 181
969 179
970 178
970 176
971 175
972 173
972 172
973 170
974 169
975 168
975 166
976 165
977 163
978 162
979 161
980 159
981 158
982 157
983 156
983 154
985 153
986 152
987 151
988 150
989 148
990 147
991 146
992 145
994 144
995 143
996 142
997 141
999 140
1000 139
1001 138
1003 137
1004 137
1005 136
1007 135
1008 134
1009 133
1011 133
1012 132
1014 131
1015 131
1017 130
1018 130
1020 129
1021 129
1023 128
1024 128
1026 127
1027 127
1029 126
1031 126
1032 126
1034 125
1035 125
1037 125
1038 125
1040 124
1042 124
1043 124
1045 124
1046 123
1048 123
1050 123
1051 123
1053 123
1054 123
1056 123
1057 123
1059 123
1061 123
1062 123
1064 123
1065 123
1067 123
1069 123
1070 123
1072 123
1073 123
1075 123
1077 123
1078 123
1080 123
1081 123
1083 123
1085 123
1086 123
1088 124
1089 124
1091 124
1093 124
1094 124
1096 124
1097 124
1099 125
1101 125
1102 125
1104 125
1105 125
1107 125
1109 125
1110 126
1112 126
1113 126
1115 126
1117 126
1118 126
1120 127
1121 127
1123 127
1124 127
1126 127
1128 127
1129 127
1131 127
1132 128
1134 128
1136 128
1137 128
1139 128
1140 128
1142 128
1144 128
1145 128
1147 128
1148 128
1150 128
1152 128
1153 128
1155 128
1156 128
1158 128
1160 127
1161 127
1163 127
1164 127
1166 126
1167 126
1169 126
1171 125
