1
3020
11 110
13 110
14 111
16 111
17 111
19 111
20 112
22 112
23 112
25 112
26 113
28 113
29 113
31 113
32 114
34 114
35 114
37 115
39 115
40 115
42 115
43 116
45 116
46 116
48 116
49 116
51 117
52 117
54 117
55 117
57 118
58 118
60 118
62 118
63 119
65 119
66 119
68 119
69 119
71 120
72 120
74 120
75 120
77 121
78 121
80 121
82 121
83 121
85 122
86 122
88 122
89 122
91 122
92 123
94 123
95 123
97 123
98 123
100 124
102 124
103 124
105 124
106 124
108 124
109 125
111 125
112 125
114 125
115 125
117 126
119 126
120 126
122 126
123 126
125 126
126 127
128 127
129 127
131 127
132 127
134 127
135 127
137 128
139 128
140 128
142 128
143 128
145 128
146 128
148 129
149 129
151 129
152 129
154 129
156 129
157 129
159 130
160 130
162 130
163 130
165 130
166 130
168 130
169 130
171 131
173 131
174 131
176 131
177 131
179 131
180 131
182 131
183 131
185 132
187 132
188 132
190 132
191 132
193 132
194 132
196 132
197 132
199 132
200 132
202 133
204 133
205 133
207 133
208 133
210 133
211 133
213 133
214 133
216 133
217 133
219 133
221 134
222 134
224 134
225 134
227 134
228 134
230 134
231 134
233 134
235 134
236 134
238 134
239 134
241 134
242 134
244 134
245 134
247 134
248 135
250 135
252 135
253 135
255 135
256 135
258 135
259 135
261 135
262 135
264 135
266 135
267 135
269 135
270 135
272 135
273 135
275 135
276 135
278 135
280 135
281 135
283 135
284 135
286 135
287 135
289 135
290 135
292 135
293 135
295 135
297 135
298 135
300 135
301 135
303 135
304 135
306 135
307 135
309 135
311 135
312 135
314 135
315 135
317 135
318 135
320 135
321 135
323 135
324 135
326 135
328 135
329 135
331 135
332 135
334 135
335 135
337 135
338 135
340 135
342 134
343 134
345 134
346 134
348 134
349 134
351 134
352 134
354 134
355 134
357 134
359 134
360 134
362 134
363 134
365 134
366 134
368 134
369 134
371 133
373 133
374 133
376 133
377 133
379 133
380 133
382 133
383 133
385 133
386 133
388 133
390 133
391 132
393 132
394 132
396 132
397 132
399 132
400 132
402 132
403 132
405 132
407 132
408 132
410 131
411 131
413 131
414 131
416 131
417 131
419 131
421 131
422 131
424 131
425 130
427 130
428 130
430 130
431 130
433 130
434 130
436 130
438 129
439 129
441 129
442 129
444 129
445 129
447 129
448 129
450 129
451 128
453 128
455 128
456 128
458 128
459 128
461 128
462 127
464 127
465 127
467 127
468 127
470 127
472 127
473 127
475 126
476 126
478 126
479 126
481 126
482 126
484 126
485 125
487 125
488 125
490 125
492 125
493 125
495 124
496 124
498 124
499 124
501 124
502 124
504 124
505 123
507 123
509 123
510 123
512 123
513 123
515 122
516 122
518 122
519 122
521 122
522 122
524 121
525 121
527 121
529 121
530 121
532 120
533 120
535 120
536 120
538 120
539 120
541 119
542 119
544 119
546 119
547 119
549 119
550 118
552 118
553 118
555 118
556 118
558 117
559 117
561 117
562 117
564 117
566 116
567 116
569 116
570 116
572 116
573 116
575 115
576 115
578 115
579 115
581 115
582 114
584 114
586 114
587 114
589 114
590 113
592 113
593 113
595 113
596 113
598 112
599 112
601 112
602 112
604 112
606 111
607 111
609 111
610 111
612 111
613 110
615 110
616 110
618 110
619 109
621 109
622 109
624 109
625 109
627 108
629 108
630 108
632 108
633 108
635 107
636 107
638 107
639 107
641 107
642 106
644 106
645 106
647 106
648 106
650 105
652 105
653 105
655 105
656 104
658 104
659 104
661 104
662 104
664 103
665 103
667 103
668 103
670 103
672 102
673 102
675 102
676 102
678 102
679 101
681 101
682 101
684 101
685 100
687 100
688 100
690 100
691 100
693 99
695 99
696 99
698 99
699 99
701 98
702 98
704 98
705 98
707 98
708 97
710 97
711 97
713 97
715 97
716 96
718 96
719 96
721 96
722 96
724 95
725 95
727 95
728 95
730 95
731 94
733 94
734 94
736 94
738 94
739 93
741 93
742 93
744 93
745 93
747 92
748 92
750 92
751 92
753 92
754 92
756 91
758 91
759 91
761 91
762 91
764 90
765 90
767 90
768 90
770 90
771 90
773 89
774 89
776 89
778 89
779 89
781 89
782 88
784 88
785 88
787 88
788 88
790 88
791 88
793 87
795 87
796 87
798 87
799 87
801 87
802 87
804 86
805 86
807 86
808 86
810 86
811 86
813 86
815 86
816 86
818 85
819 85
821 85
822 85
824 85
825 85
827 85
828 85
830 85
832 85
833 84
835 84
836 84
838 84
839 84
841 84
842 84
844 84
845 84
847 84
849 84
850 84
852 84
853 84
855 84
856 84
858 84
859 84
861 84
863 84
864 84
866 84
867 84
869 84
870 84
872 84
873 84
875 84
876 84
878 84
880 84
881 84
883 84
884 84
886 84
887 84
889 84
890 84
892 84
893 84
895 84
897 85
898 85
900 85
901 85
903 85
904 85
906 85
907 85
909 86
910 86
912 86
914 86
915 86
917 86
918 87
920 87
921 87
923 87
924 88
926 88
927 88
929 88
930 89
932 89
933 89
935 89
936 90
938 90
939 90
941 91
942 91
944 91
945 92
947 92
948 92
950 93
951 93
953 94
954 94
956 94
957 95
959 95
960 96
962 96
963 97
965 97
966 98
968 98
969 99
971 99
972 100
973 101
975 101
976 102
978 102
979 103
981 104
982 104
983 105
985 106
986 106
988 107
989 108
990 108
992 109
993 110
994 111
996 112
997 112
998 113
1000 114
1001 115
1002 116
1003 117
1005 117
1006 118
1007 119
1009 120
1010 121
1011 122
1012 123
1013 124
1015 125
1016 126
1017 127
1018 128
1019 129
1021 130
1022 131
1023 132
1024 133
1025 134
1026 135
1027 136
1028 137
1030 138
1031 139
1032 141
1033 142
1034 143
1035 144
1036 145
1037 146
1038 147
1039 149
1040 150
1041 151
1042 152
1043 153
1044 155
1045 156
1046 157
1047 158
1048 160
1049 161
1049 162
1050 163
1051 165
1052 166
1053 167
1054 168
1055 170
1056 171
1056 172
1057 174
1058 175
1059 176
1060 177
1060 179
1061 180
1062 181
1063 183
1064 184
1064 185
1065 187
1066 188
1067 190
1067 191
1068 192
1069 194
1070 195
1070 196
1071 198
1072 199
1072 201
1073 202
1074 203
1074 205
1075 206
1076 208
1076 209
1077 210
1078 212
1078 213
1079 215
1079 216
1080 217
1081 219
1081 220
1082 222
1082 223
1083 225
1083 226
1084 228
1085 229
1085 230
1086 232
1086 233
1087 235
1087 236
1088 238
1088 239
1089 241
1089 242
1090 244
1090 245
1091 246
1091 248
1092 249
1092 251
1093 252
1093 254
1094 255
1094 257
1095 258
1095 260
1096 261
1096 263
1096 264
1097 266
1097 267
1098 269
1098 270
1098 272
1099 273
1099 275
1100 276
1100 278
1100 279
1101 281
1101 282
1102 284
1102 285
1102 287
1103 288
1103 290
1103 291
1104 293
1104 294
1104 296
1105 297
1105 299
1105 300
1106 302
1106 303
1106 305
1107 306
1107 308
1107 309
1108 311
1108 312
1108 314
1109 315
1109 317
1109 318
1110 320
1110 321
1110 323
1110 324
1111 326
1111 328
1111 329
1111 331
1112 332
1112 334
1112 335
1112 337
1113 338
1113 340
1113 341
1113 343
1114 344
1114 346
1114 347
1114 349
1115 350
1115 352
1115 354
1115 355
1115 357
1116 358
1116 360
1116 361
1116 363
1117 364
1117 366
1117 367
1117 369
1117 370
1117 372
1118 373
1118 375
1118 377
1118 378
1118 380
1119 381
1119 383
1119 384
1119 386
1119 387
1119 389
1120 390
1120 392
1120 393
1120 395
1120 397
1120 398
1120 400
1121 401
1121 403
1121 404
1121 406
1121 407
1121 409
1121 410
1122 412
1122 414
1122 415
1122 417
1122 418
1122 420
1122 421
1122 423
1122 424
1123 426
1123 427
1123 429
1123 431
1123 432
1123 434
1123 435
1123 437
1123 438
1123 440
1123 441
1123 443
1124 444
1124 446
1124 448
1124 449
1124 451
1124 452
1124 454
1124 455
1124 457
1124 458
1124 460
1124 461
1124 463
1124 465
1124 466
1124 468
1124 469
1124 471
1124 472
1124 474
1124 475
1124 477
1124 479
1124 480
1124 482
1124 483
1124 485
1124 486
1124 488
1124 489
1124 491
1124 492
1124 494
1124 496
1124 497
1124 499
1124 500
1124 502
1124 503
1124 505
1124 506
1123 508
1123 509
1123 511
1123 513
1123 514
1123 516
1123 517
1123 519
1123 520
1123 522
1122 523
1122 525
1122 526
1122 528
1122 530
1122 531
1122 533
1121 534
1121 536
1121 537
1121 539
1121 540
1121 542
1120 543
1120 545
1120 546
1120 548
1120 550
1119 551
1119 553
1119 554
1119 556
1118 557
1118 559
1118 560
1118 562
1117 563
1117 565
1117 566
1117 568
1116 569
1116 571
1116 572
1115 574
1115 575
1115 577
1115 578
1114 580
1114 582
1113 583
1113 585
1113 586
1112 588
1112 589
1112 591
1111 592
1111 594
1110 595
1110 597
1110 598
1109 600
1109 601
1108 602
1108 604
1107 605
1107 607
1106 608
1106 610
1105 611
1105 613
1104 614
1104 616
1103 617
1103 619
1102 620
1102 622
1101 623
1101 624
1100 626
1099 627
1099 629
1098 630
1098 632
1097 633
1096 634
1096 636
1095 637
1094 639
1094 640
1093 641
1092 643
1092 644
1091 645
1090 647
1089 648
1089 649
1088 651
1087 652
1086 653
1085 655
1085 656
1084 657
1083 659
1082 660
1081 661
1080 663
1080 664
1079 665
1078 666
1077 668
1076 669
1075 670
1074 671
1073 673
1072 674
1071 675
1070 676
1069 677
1068 678
1067 680
1066 681
1065 682
1064 683
1063 684
1062 685
1061 686
1059 687
1058 688
1057 689
1056 690
1055 691
1054 692
1052 693
1051 694
1050 695
1049 696
1048 697
1046 698
1045 699
1044 700
1043 701
1041 702
1040 703
1039 704
1037 704
1036 705
1035 706
1034 707
1032 708
1031 708
1029 709
1028 710
1027 711
1025 711
1024 712
1023 713
1021 713
1020 714
1018 715
1017 715
1016 716
1014 716
1013 717
1011 718
1010 718
1008 719
1007 719
1005 720
1004 720
1003 721
1001 721
1000 722
998 722
997 723
995 723
994 723
992 724
991 724
989 725
988 725
986 725
985 726
983 726
982 726
980 727
979 727
977 727
976 728
974 728
973 728
971 729
969 729
968 729
966 729
965 730
963 730
962 730
960 730
959 731
957 731
956 731
954 731
953 731
951 732
950 732
948 732
946 732
945 732
943 732
942 733
940 733
939 733
937 733
936 733
934 733
933 733
931 733
929 734
928 734
926 734
925 734
923 734
922 734
920 734
919 734
917 734
916 734
914 734
912 734
911 734
909 734
908 734
906 734
905 734
903 735
902 735
900 735
899 735
897 735
895 735
894 735
892 735
891 735
889 735
888 735
886 735
885 735
883 734
881 734
880 734
878 734
877 734
875 734
874 734
872 734
871 734
869 734
868 734
866 734
864 734
863 734
861 734
860 734
858 734
857 734
855 734
854 734
852 733
851 733
849 733
847 733
846 733
844 733
843 733
841 733
840 733
838 733
837 733
835 733
834 732
832 732
830 732
829 732
827 732
826 732
824 732
823 732
821 732
820 731
818 731
817 731
815 731
813 731
812 731
810 731
809 731
807 731
806 730
804 730
803 730
801 730
800 730
798 730
796 730
795 730
793 729
792 729
790 729
789 729
787 729
786 729
784 729
783 728
781 728
779 728
778 728
776 728
775 728
773 728
772 727
770 727
769 727
767 727
766 727
764 727
762 727
761 726
759 726
758 726
756 726
755 726
753 726
752 726
750 725
749 725
747 725
746 725
744 725
742 725
741 724
739 724
738 724
736 724
735 724
733 724
732 724
730 723
729 723
727 723
725 723
724 723
722 723
721 723
719 722
718 722
716 722
715 722
713 722
712 722
710 721
709 721
707 721
705 721
704 721
702 721
701 721
699 720
698 720
696 720
695 720
693 720
692 720
690 720
688 719
687 719
685 719
684 719
682 719
681 719
679 719
678 718
676 718
675 718
673 718
672 718
670 718
668 718
667 718
665 717
664 717
662 717
661 717
659 717
658 717
656 717
655 717
653 716
651 716
650 716
648 716
647 716
645 716
644 716
642 716
641 716
639 715
638 715
636 715
634 715
633 715
631 715
630 715
628 715
627 715
625 715
624 715
622 714
621 714
619 714
617 714
616 714
614 714
613 714
611 714
610 714
608 714
607 714
605 714
604 714
602 713
600 713
599 713
597 713
596 713
594 713
593 713
591 713
590 713
588 713
586 713
585 713
583 713
582 713
580 713
579 713
577 713
576 713
574 713
573 713
571 713
569 713
568 713
566 713
565 713
563 713
562 713
560 713
559 713
557 713
555 713
554 713
552 713
551 713
549 713
548 713
546 713
545 713
543 713
542 713
540 713
538 713
537 713
535 713
534 713
532 713
531 713
529 714
528 714
526 714
525 714
523 714
521 714
520 714
518 714
517 714
515 714
514 714
512 714
511 714
509 714
508 715
506 715
504 715
503 715
501 715
500 715
498 715
497 715
495 715
494 715
492 715
490 716
489 716
487 716
486 716
484 716
483 716
481 716
480 716
478 716
477 717
475 717
474 717
472 717
470 717
469 717
467 717
466 717
464 717
463 718
461 718
460 718
458 718
457 718
455 718
453 718
452 718
450 719
449 719
447 719
446 719
444 719
443 719
441 719
440 719
438 720
436 720
435 720
433 720
432 720
430 720
429 720
427 721
426 721
424 721
423 721
421 721
419 721
418 721
416 721
415 722
413 722
412 722
410 722
409 722
407 722
406 722
404 722
403 723
401 723
399 723
398 723
396 723
395 723
393 723
392 723
390 723
389 724
387 724
386 724
384 724
382 724
381 724
379 724
378 724
376 724
375 724
373 725
372 725
370 725
369 725
367 725
365 725
364 725
362 725
361 725
359 725
358 725
356 725
355 725
353 725
352 726
350 726
348 726
347 726
345 726
344 726
342 726
341 726
339 726
338 726
336 726
335 726
333 726
331 726
330 726
328 726
327 726
325 726
324 726
322 726
321 726
319 725
317 725
316 725
314 725
313 725
311 725
310 725
308 725
307 725
305 725
304 725
302 724
300 724
299 724
297 724
296 724
294 724
293 723
291 723
290 723
288 723
287 722
285 722
284 722
282 722
281 721
279 721
278 721
276 721
275 720
273 720
271 720
270 719
268 719
267 718
265 718
264 718
262 717
261 717
260 716
258 716
257 715
255 715
254 714
252 714
251 713
249 713
248 712
246 712
245 711
244 711
242 710
241 709
239 709
238 708
237 707
235 707
234 706
232 705
231 704
230 704
228 703
227 702
226 701
224 700
223 700
222 699
221 698
219 697
218 696
217 695
215 694
214 693
213 693
212 692
211 691
209 690
208 689
207 688
206 687
205 686
203 685
202 684
201 683
200 681
199 680
198 679
197 678
196 677
195 676
193 675
192 674
191 673
190 672
189 670
188 669
187 668
186 667
185 666
184 665
183 663
182 662
181 661
180 660
179 659
178 657
177 656
177 655
176 654
175 652
174 651
173 650
172 649
171 647
170 646
169 645
169 643
168 642
167 641
166 639
165 638
164 637
164 636
163 634
162 633
161 632
160 630
160 629
159 628
158 626
157 625
157 623
156 622
155 621
154 619
154 618
153 617
152 615
152 614
151 613
150 611
150 610
149 608
148 607
148 606
147 604
146 603
146 601
145 600
144 598
144 597
143 596
143 594
142 593
141 591
141 590
140 589
140 587
139 586
138 584
138 583
137 581
137 580
136 578
136 577
135 576
135 574
134 573
134 571
133 570
133 568
132 567
132 565
131 564
131 562
130 561
130 559
129 558
129 556
128 555
128 554
127 552
127 551
126 549
126 548
126 546
125 545
125 543
124 542
124 540
124 539
123 537
123 536
122 534
122 533
122 531
121 530
121 528
120 527
120 525
120 524
119 522
119 521
119 519
118 518
118 516
118 515
117 513
117 512
117 510
116 508
116 507
116 505
116 504
115 502
115 501
115 499
114 498
114 496
114 495
114 493
113 492
113 490
113 489
113 487
112 486
112 484
112 483
112 481
112 480
111 478
111 476
111 475
111 473
111 472
110 470
110 469
110 467
110 466
110 464
110 463
109 461
109 460
109 458
109 456
109 455
109 453
109 452
108 450
108 449
108 447
108 446
108 444
108 443
108 441
108 439
108 438
108 436
108 435
107 433
107 432
107 430
107 429
107 427
107 426
107 424
107 422
107 421
107 419
107 418
107 416
107 415
107 413
107 412
107 410
107 409
107 407
107 405
108 404
108 402
108 401
108 399
108 398
108 396
108 395
108 393
108 392
108 390
109 388
109 387
109 385
109 384
109 382
109 381
110 379
110 378
110 376
110 375
111 373
111 372
111 370
111 369
112 367
112 365
112 364
112 362
113 361
113 359
113 358
114 356
114 355
114 353
115 352
115 350
116 349
116 347
117 346
117 344
117 343
118 341
118 340
119 339
119 337
120 336
120 334
121 333
121 331
122 330
123 328
123 327
124 326
124 324
125 323
126 321
126 320
127 319
128 317
128 316
129 314
130 313
131 312
131 310
132 309
133 308
134 306
135 305
135 304
136 302
137 301
138 300
139 299
140 297
141 296
142 295
143 294
144 292
145 291
145 290
146 289
147 288
149 287
150 285
151 284
152 283
153 282
154 281
155 280
156 279
157 278
158 277
159 276
161 275
162 274
163 273
164 272
165 271
167 270
168 269
169 268
170 267
171 266
173 265
174 264
175 263
177 262
178 262
179 261
180 260
182 259
183 258
184 258
186 257
187 256
189 255
190 255
191 254
193 253
194 252
195 252
197 251
198 250
200 250
201 249
202 249
204 248
205 247
207 247
208 246
210 246
211 245
213 245
214 244
215 243
217 243
218 242
220 242
221 242
223 241
224 241
226 240
227 240
229 239
230 239
232 238
233 238
235 238
236 237
238 237
239 237
241 236
242 236
244 236
245 235
247 235
248 235
250 234
251 234
253 234
254 233
256 233
257 233
259 233
260 232
262 232
264 232
265 232
267 231
268 231
270 231
271 231
273 230
274 230
276 230
277 230
279 230
280 229
282 229
283 229
285 229
287 229
288 229
290 228
291 228
293 228
294 228
296 228
297 228
299 228
300 227
302 227
303 227
305 227
307 227
308 227
310 227
311 227
313 227
314 226
316 226
317 226
319 226
320 226
322 226
324 226
325 226
327 226
328 226
330 226
331 226
333 225
334 225
336 225
337 225
339 225
341 225
342 225
344 225
345 225
347 225
348 225
350 225
351 225
353 225
355 225
356 225
358 225
359 225
361 225
362 225
364 225
365 225
367 225
368 225
370 225
372 225
373 225
375 225
376 225
378 225
379 225
381 225
382 225
384 225
385 225
387 225
389 225
390 225
392 225
393 225
395 225
396 225
398 225
399 225
401 225
403 225
404 225
406 225
407 225
409 225
410 225
412 225
413 225
415 225
416 225
418 225
420 225
421 225
423 225
424 225
426 225
427 225
429 225
430 225
432 225
433 225
435 225
437 225
438 225
440 225
441 225
443 225
444 226
446 226
447 226
449 226
450 226
452 226
454 226
455 226
457 226
458 226
460 226
461 226
463 226
464 226
466 226
468 226
469 226
471 226
472 226
474 226
475 226
477 226
478 226
480 227
481 227
483 227
485 227
486 227
488 227
489 227
491 227
492 227
494 227
495 227
497 227
498 227
500 227
502 227
503 227
505 227
506 227
508 227
509 227
511 227
512 227
514 227
515 228
517 228
519 228
520 228
522 228
523 228
525 228
526 228
528 228
529 228
531 228
533 228
534 228
536 228
537 228
539 228
540 228
542 228
543 228
545 228
546 228
548 228
550 228
551 228
553 228
554 228
556 228
557 228
559 228
560 228
562 228
564 228
565 228
567 228
568 228
570 228
571 228
573 228
574 228
576 228
577 228
579 228
581 228
582 228
584 228
585 228
587 228
588 228
590 228
591 228
593 228
594 228
596 228
598 228
599 228
601 228
602 228
604 228
605 228
607 227
608 227
610 227
611 227
613 227
615 227
616 227
618 227
619 227
621 227
622 227
624 227
625 227
627 226
628 226
630 226
632 226
633 226
635 226
636 226
638 226
639 226
641 225
642 225
644 225
645 225
647 225
649 225
650 225
652 225
653 225
655 224
656 224
658 224
659 224
661 224
662 224
664 224
666 223
667 223
669 223
670 223
672 223
673 223
675 223
676 222
678 222
679 222
681 222
682 222
684 222
686 222
687 221
689 221
690 221
692 221
693 221
695 221
696 221
698 220
699 220
701 220
703 220
704 220
706 220
707 220
709 219
710 219
712 219
713 219
715 219
716 219
718 219
719 218
721 218
723 218
724 218
726 218
727 218
729 218
730 218
732 217
733 217
735 217
736 217
738 217
740 217
741 217
743 217
744 217
746 217
747 216
749 216
750 216
752 216
753 216
755 216
757 216
758 216
760 216
761 216
763 216
764 216
766 216
767 216
769 216
770 216
772 216
774 216
775 216
777 216
778 216
780 217
781 217
783 217
784 217
786 217
787 217
789 217
790 217
792 218
794 218
795 218
797 218
798 219
800 219
801 219
803 219
804 220
806 220
807 220
809 221
810 221
812 221
813 222
815 222
816 223
818 223
819 224
821 224
822 225
824 225
825 226
826 226
828 227
829 227
831 228
832 229
834 229
835 230
836 230
838 231
839 232
840 233
842 233
843 234
845 235
846 236
847 236
849 237
850 238
851 239
852 240
854 241
855 241
856 242
858 243
859 244
860 245
861 246
862 247
864 248
865 249
866 250
867 251
868 252
870 253
871 254
872 255
873 256
874 257
875 258
877 259
878 260
879 261
880 262
881 263
882 264
883 266
884 267
885 268
886 269
887 270
888 271
889 272
890 274
891 275
892 276
893 277
894 278
895 279
896 281
897 282
898 283
899 284
900 286
901 287
902 288
903 289
904 290
905 292
906 293
907 294
908 296
908 297
909 298
910 299
911 301
912 302
913 303
914 305
914 306
915 307
916 308
917 310
918 311
918 312
919 314
920 315
921 316
922 318
922 319
923 320
924 322
925 323
925 325
926 326
927 327
927 329
928 330
929 331
930 333
930 334
931 336
932 337
932 338
933 340
933 341
934 343
935 344
935 345
936 347
937 348
937 350
938 351
938 353
939 354
940 355
940 357
941 358
941 360
942 361
942 363
943 364
943 366
944 367
944 368
945 370
945 371
946 373
946 374
947 376
947 377
948 379
948 380
948 382
949 383
949 385
950 386
950 388
950 389
951 391
951 392
952 394
952 395
952 397
953 398
953 400
953 401
954 403
954 404
954 406
954 407
955 409
955 410
955 412
955 413
956 415
956 417
956 418
956 420
957 421
957 423
957 424
957 426
957 427
957 429
957 430
958 432
958 433
958 435
958 437
958 438
958 440
958 441
958 443
958 444
958 446
958 447
958 449
958 450
958 452
958 454
958 455
958 457
958 458
958 460
958 461
958 463
957 464
957 466
957 467
957 469
957 470
957 472
956 474
956 475
956 477
956 478
955 480
955 481
955 483
954 484
954 486
954 487
953 489
953 490
953 492
952 493
952 495
951 496
951 498
950 499
950 501
949 502
949 504
948 505
948 506
947 508
947 509
946 511
945 512
945 514
944 515
943 516
943 518
942 519
941 520
941 522
940 523
939 524
938 526
937 527
937 528
936 530
935 531
934 532
933 534
932 535
931 536
930 537
929 538
928 540
927 541
926 542
925 543
924 544
923 545
922 547
921 548
920 549
919 550
918 551
917 552
916 553
914 554
913 555
912 556
911 557
910 558
908 559
907 560
906 561
905 562
903 562
902 563
901 564
899 565
898 566
897 566
895 567
894 568
893 569
891 569
890 570
889 571
887 571
886 572
884 573
883 573
881 574
880 575
879 575
877 576
876 576
874 577
873 577
871 578
870 578
868 579
867 579
865 580
864 580
862 581
861 581
859 581
858 582
857 582
855 583
853 583
852 583
850 584
849 584
847 584
846 585
844 585
843 585
841 585
840 586
838 586
837 586
835 586
834 587
832 587
831 587
829 587
828 587
826 588
825 588
823 588
821 588
820 588
818 588
817 589
815 589
814 589
812 589
811 589
809 589
808 589
806 589
804 589
803 590
801 590
800 590
798 590
797 590
795 590
794 590
792 590
791 590
789 590
787 590
786 590
784 590
783 590
781 590
780 590
778 590
777 590
775 590
774 590
772 590
770 590
769 590
767 590
766 590
764 590
763 590
761 590
760 589
758 589
757 589
755 589
753 589
752 589
750 589
749 589
747 589
746 589
744 589
743 588
741 588
740 588
738 588
736 588
735 588
733 588
732 588
730 587
729 587
727 587
726 587
724 587
723 587
721 586
720 586
718 586
716 586
715 586
713 586
712 585
710 585
709 585
707 585
706 585
704 584
703 584
701 584
700 584
698 584
697 583
695 583
693 583
692 583
690 582
689 582
687 582
686 582
684 581
683 581
681 581
680 581
678 580
677 580
675 580
674 580
672 579
671 579
669 579
667 579
666 578
664 578
663 578
661 578
660 577
658 577
657 577
655 576
654 576
652 576
651 576
649 575
648 575
646 575
645 574
643 574
642 574
640 573
639 573
637 573
636 572
634 572
633 572
631 571
630 571
628 571
626 570
625 570
623 570
622 569
620 569
619 569
617 568
616 568
614 568
613 567
611 567
610 567
608 566
607 566
605 566
604 565
602 565
601 564
599 564
598 564
596 563
595 563
593 563
592 562
590 562
589 561
587 561
586 561
584 560
583 560
581 559
580 559
578 559
577 558
575 558
574 558
572 557
571 557
569 556
568 556
566 555
565 555
563 555
562 554
560 554
559 553
557 553
556 553
554 552
553 552
552 551
550 551
549 550
547 550
546 550
544 549
543 549
541 548
540 548
538 547
537 547
535 546
534 546
532 546
531 545
529 545
528 544
526 544
525 543
523 543
522 542
520 542
519 541
517 541
516 540
515 540
513 540
512 539
510 539
509 538
507 538
506 537
504 537
503 536
501 536
500 535
498 535
497 534
495 534
494 533
492 533
491 532
490 532
488 531
487 531
485 530
484 530
482 529
481 529
479 528
478 528
476 527
475 527
473 526
472 526
471 525
469 525
468 524
466 524
465 523
463 522
462 522
460 521
459 521
457 520
456 520
455 519
453 519
452 518
450 518
449 517
447 517
446 516
444 515
443 515
441 514
440 514
439 513
437 513
436 512
434 512
433 511
431 510
430 510
428 509
427 509
426 508
424 508
423 507
421 506
420 506
418 505
417 505
416 504
414 504
413 503
411 502
410 502
408 501
407 501
406 500
404 499
403 499
401 498
400 498
398 497
397 496
396 496
394 495
393 495
391 494
390 493
388 493
387 492
386 492
384 491
383 490
381 490
380 489
379 488
377 488
376 487
374 487
373 486
371 485
370 485
369 484
367 483
366 483
364 482
363 481
362 481
360 480
359 479
357 479
356 478
355 477
353 477
352 476
350 475
349 475
348 474
346 473
345 473
343 472
342 471
341 471
339 470
338 469
337 469
335 468
334 467
332 467
331 466
330 465
328 464
327 464
325 463
324 462
323 462
321 461
320 460
319 459
317 459
316 458
315 457
313 457
312 456
310 455
309 454
308 454
306 453
305 452
304 451
302 451
301 450
300 449
298 448
297 448
296 447
294 446
293 445
292 444
290 444
