26.910217820016673
1579
126 128
128 128
131 127
133 127
135 127
138 126
140 126
143 126
145 126
147 125
150 125
152 125
154 124
157 124
159 124
162 123
164 123
166 123
169 122
171 122
173 122
176 122
178 121
181 121
183 121
185 120
188 120
190 120
192 120
195 119
197 119
200 119
202 118
204 118
207 118
209 117
211 117
214 117
216 117
219 116
221 116
223 116
226 115
228 115
230 115
233 115
235 114
237 114
240 114
242 114
245 113
247 113
249 113
252 112
254 112
256 112
259 112
261 111
264 111
266 111
268 111
271 110
273 110
275 110
278 109
280 109
283 109
285 109
287 108
290 108
292 108
294 108
297 107
299 107
302 107
304 107
306 106
309 106
311 106
313 106
316 105
318 105
321 105
323 105
325 104
328 104
330 104
332 104
335 103
337 103
340 103
342 103
344 103
347 102
349 102
351 102
354 102
356 101
359 101
361 101
363 101
366 100
368 100
371 100
373 100
375 100
378 99
380 99
382 99
385 99
387 99
390 98
392 98
394 98
397 98
399 97
401 97
404 97
406 97
409 97
411 96
413 96
416 96
418 96
420 96
423 95
425 95
428 95
430 95
432 95
435 95
437 94
440 94
442 94
444 94
447 94
449 93
451 93
454 93
456 93
459 93
461 93
463 92
466 92
468 92
470 92
473 92
475 92
478 91
480 91
482 91
485 91
487 91
490 91
492 90
494 90
497 90
499 90
501 90
504 90
506 90
509 89
511 89
513 89
516 89
518 89
520 89
523 89
525 89
528 88
530 88
532 88
535 88
537 88
540 88
542 88
544 88
547 88
549 87
551 87
554 87
556 87
559 87
561 87
563 87
566 87
568 87
571 87
573 86
575 86
578 86
580 86
582 86
585 86
587 86
590 86
592 86
594 86
597 86
599 86
602 86
604 85
606 85
609 85
611 85
613 85
616 85
618 85
621 85
623 85
625 85
628 85
630 85
633 85
635 85
637 85
640 85
642 85
644 85
647 85
649 85
652 85
654 85
656 85
659 85
661 85
664 85
666 85
668 85
671 85
673 85
675 85
678 85
680 85
683 85
685 85
687 85
690 85
692 85
695 85
697 85
699 85
702 85
704 85
706 85
709 86
711 86
714 86
716 86
718 86
721 86
723 86
726 86
728 86
730 86
733 86
735 86
737 87
740 87
742 87
745 87
747 87
749 87
752 87
754 87
757 88
759 88
761 88
764 88
766 88
768 88
771 89
773 89
776 89
778 89
780 89
783 90
785 90
787 90
790 90
792 90
795 91
797 91
799 91
802 91
804 91
806 92
809 92
811 92
814 92
816 93
818 93
821 93
823 94
825 94
828 94
830 94
833 95
835 95
837 95
840 96
842 96
844 96
847 97
849 97
851 97
854 98
856 98
858 99
861 99
863 99
866 100
868 100
870 101
873 101
875 101
877 102
880 102
882 103
884 103
887 104
889 104
891 105
894 105
896 106
898 106
901 107
903 107
905 108
908 108
910 109
912 110
914 110
917 111
919 111
921 112
924 113
926 113
928 114
931 115
933 115
935 116
937 117
940 117
942 118
944 119
946 120
949 120
951 121
953 122
956 123
958 123
960 124
962 125
964 126
967 127
969 128
971 129
973 129
976 130
978 131
980 132
982 133
984 134
986 135
989 136
991 137
993 138
995 139
997 140
999 141
1001 143
1003 144
1006 145
1008 146
1010 147
1012 148
1014 150
1016 151
1018 152
1020 153
1022 155
1024 156
1026 157
1028 159
1030 160
1032 161
1034 163
1036 164
1037 166
1039 167
1041 169
1043 170
1045 172
1047 173
1048 175
1050 176
1052 178
1054 180
1055 181
1057 183
1059 185
1060 186
1062 188
1064 190
1065 192
1067 193
1068 195
1070 197
1071 199
1073 201
1074 203
1076 204
1077 206
1079 208
1080 210
1081 212
1083 214
1084 216
1085 218
1086 220
1088 222
1089 224
1090 227
1091 229
1092 231
1093 233
1094 235
1095 237
1096 239
1097 241
1098 244
1099 246
1100 248
1101 250
1102 252
1103 255
1103 257
1104 259
1105 261
1106 264
1106 266
1107 268
1108 271
1108 273
1109 275
1109 278
1110 280
1111 282
1111 284
1112 287
1112 289
1113 291
1113 294
1113 296
1114 298
1114 301
1115 303
1115 306
1115 308
1115 310
1116 313
1116 315
1116 317
1117 320
1117 322
1117 324
1117 327
1117 329
1117 332
1118 334
1118 336
1118 339
1118 341
1118 344
1118 346
1118 348
1118 351
1118 353
1118 355
1118 358
1118 360
1118 363
1118 365
1118 367
1118 370
1118 372
1118 374
1118 377
1118 379
1118 382
1117 384
1117 386
1117 389
1117 391
1117 394
1117 396
1117 398
1116 401
1116 403
1116 405
1116 408
1116 410
1115 412
1115 415
1115 417
1115 420
1114 422
1114 424
1114 427
1113 429
1113 431
1113 434
1112 436
1112 438
1112 441
1111 443
1111 446
1111 448
1110 450
1110 453
1109 455
1109 457
1109 460
1108 462
1108 464
1107 467
1107 469
1106 471
1106 474
1106 476
1105 478
1105 481
1104 483
1104 485
1103 488
1103 490
1102 492
1101 495
1101 497
1100 499
1100 502
1099 504
1099 506
1098 509
1097 511
1097 513
1096 515
1095 518
1095 520
1094 522
1094 525
1093 527
1092 529
1091 531
1091 534
1090 536
1089 538
1089 541
1088 543
1087 545
1086 547
1086 550
1085 552
1084 554
1083 556
1082 558
1081 561
1081 563
1080 565
1079 567
1078 570
1077 572
1076 574
1075 576
1074 578
1073 581
1072 583
1071 585
1070 587
1069 589
1068 591
1067 594
1066 596
1065 598
1064 600
1063 602
1062 604
1061 606
1060 608
1058 610
1057 612
1056 614
1055 616
1053 618
1052 620
1051 622
1049 624
1048 626
1047 628
1045 630
1044 632
1042 634
1041 636
1039 638
1038 640
1036 641
1035 643
1033 645
1031 646
1030 648
1028 650
1026 651
1024 653
1022 654
1021 656
1019 657
1017 659
1015 660
1013 661
1011 662
1008 663
1006 664
1004 665
1002 666
1000 667
997 667
995 668
993 669
990 669
988 669
986 669
983 669
981 669
978 669
976 669
974 668
971 668
969 668
967 667
964 666
962 666
960 665
958 664
955 663
953 662
951 661
949 661
947 659
945 658
942 657
940 656
938 655
936 654
934 653
932 651
930 650
928 649
926 648
924 646
922 645
920 644
918 642
916 641
914 639
912 638
910 637
909 635
907 634
905 632
903 631
901 629
899 628
897 626
896 625
894 623
892 622
890 620
888 619
886 617
885 616
883 614
881 613
879 611
877 610
876 608
874 606
872 605
870 603
868 602
867 600
865 599
863 597
861 595
859 594
858 592
856 591
854 589
852 587
851 586
849 584
847 583
845 581
843 580
842 578
840 576
838 575
836 573
834 572
833 570
831 569
829 567
827 566
825 564
824 562
822 561
820 559
818 558
816 556
814 555
812 553
811 552
809 550
807 549
805 548
803 546
801 545
799 543
797 542
795 541
793 539
791 538
789 537
787 535
785 534
783 533
781 531
779 530
777 529
775 528
773 527
771 526
769 525
767 524
764 523
762 522
760 521
758 520
755 520
753 519
751 519
748 518
746 518
744 518
741 517
739 517
737 517
734 518
732 518
729 518
727 519
725 519
723 520
720 521
718 521
716 522
714 523
711 524
709 525
707 527
705 528
703 529
701 530
699 532
697 533
695 535
694 536
692 538
690 539
688 541
686 542
685 544
683 545
681 547
679 549
678 550
676 552
674 554
673 556
671 557
669 559
668 561
666 563
665 564
663 566
662 568
660 570
658 571
657 573
655 575
654 577
652 579
651 581
649 582
648 584
646 586
645 588
643 590
641 591
640 593
638 595
637 597
635 599
634 600
632 602
630 604
629 606
627 608
626 609
624 611
622 613
621 614
619 616
617 618
616 619
614 621
612 623
610 624
609 626
607 627
605 629
603 630
601 632
599 633
597 635
595 636
593 637
591 638
589 639
587 640
585 641
583 642
580 643
578 644
576 644
573 645
571 645
569 645
566 645
564 646
562 645
559 645
557 645
554 645
552 644
550 644
547 643
545 642
543 642
541 641
538 640
536 639
534 638
532 637
530 636
528 635
525 634
523 633
521 632
519 631
517 629
515 628
513 627
511 626
509 625
507 623
505 622
503 621
501 619
499 618
497 617
495 615
493 614
491 612
489 611
487 610
485 608
484 607
482 605
480 604
478 603
476 601
474 600
472 598
470 597
468 596
466 594
464 593
463 591
461 590
459 588
457 587
455 586
453 584
451 583
449 581
447 580
445 579
443 577
441 576
439 574
437 573
436 572
434 570
432 569
430 568
428 566
426 565
424 564
422 563
419 561
417 560
415 559
413 558
411 557
409 556
407 555
405 554
403 553
400 552
398 551
396 550
394 549
391 548
389 548
387 547
385 547
382 546
380 546
378 545
375 545
373 545
370 545
368 545
366 545
363 546
361 546
359 546
356 547
354 548
352 548
350 549
347 550
345 551
343 552
341 553
339 554
337 556
335 557
333 558
331 560
329 561
327 562
325 564
323 565
321 567
319 568
318 570
316 571
314 573
312 575
311 576
309 578
307 579
305 581
304 583
302 584
300 586
299 588
297 590
295 591
294 593
292 595
290 596
289 598
287 600
286 602
284 603
282 605
281 607
279 609
277 610
276 612
274 614
273 616
271 617
269 619
268 621
266 622
264 624
262 626
261 627
259 629
257 631
256 632
254 634
252 635
250 637
248 638
246 640
245 641
243 643
241 644
239 645
237 647
235 648
233 649
230 650
228 651
226 652
224 653
222 653
219 654
217 655
215 655
212 655
210 655
207 655
205 655
203 654
200 654
198 653
196 652
194 651
192 650
189 649
187 648
185 647
183 646
181 644
179 643
178 641
176 640
174 638
172 637
170 635
169 633
167 632
165 630
164 628
162 626
161 625
159 623
158 621
156 619
155 617
153 615
152 613
151 611
149 609
148 607
147 605
145 603
144 601
143 599
142 597
140 595
139 593
138 591
137 589
136 587
135 585
134 583
133 581
131 578
130 576
129 574
128 572
127 570
126 568
125 565
125 563
124 561
123 559
122 557
121 554
120 552
119 550
118 548
118 546
117 543
116 541
115 539
115 537
114 534
113 532
112 530
112 527
111 525
110 523
110 521
109 518
108 516
108 514
107 511
107 509
106 507
106 504
105 502
105 500
104 497
104 495
103 493
103 490
102 488
102 486
102 483
101 481
101 479
101 476
100 474
100 472
100 469
99 467
99 464
99 462
99 460
99 457
98 455
98 453
98 450
98 448
98 445
98 443
98 441
98 438
98 436
98 434
98 431
98 429
98 426
98 424
98 422
99 419
99 417
99 415
99 412
99 410
100 407
100 405
100 403
101 400
101 398
101 396
102 393
102 391
103 389
103 386
104 384
104 382
105 379
105 377
106 375
107 372
107 370
108 368
109 366
109 363
110 361
111 359
112 357
112 354
113 352
114 350
115 348
116 345
117 343
118 341
118 339
119 337
120 334
121 332
123 330
124 328
125 326
126 324
127 322
128 320
129 318
130 316
132 313
133 311
134 309
135 307
137 305
138 303
139 302
141 300
142 298
144 296
145 294
147 292
148 290
150 288
151 287
153 285
154 283
156 281
158 280
159 278
161 276
163 275
165 273
166 272
168 270
170 268
172 267
174 266
176 264
178 263
180 261
182 260
184 259
186 258
188 257
190 256
192 255
194 254
197 253
199 252
201 251
203 250
206 250
208 249
210 248
213 248
215 248
217 247
220 247
222 247
224 247
227 247
229 247
232 247
234 248
236 248
239 248
241 249
243 250
245 250
248 251
250 252
252 253
254 254
257 255
259 256
261 257
263 258
265 259
267 260
269 261
271 262
273 264
275 265
277 266
279 268
281 269
283 270
285 272
287 273
289 274
291 276
293 277
295 279
297 280
298 282
300 283
302 285
304 286
306 288
308 289
309 291
311 292
313 294
315 295
317 297
319 298
320 300
322 301
324 303
326 304
328 306
330 307
331 309
333 311
335 312
337 314
339 315
341 316
343 318
344 319
346 321
348 322
350 324
352 325
354 327
356 328
358 329
360 331
362 332
364 333
366 335
368 336
370 337
372 338
374 339
376 340
378 342
380 343
383 344
385 345
387 345
389 346
391 347
394 348
396 348
398 349
401 349
403 350
405 350
408 350
410 351
412 351
415 351
417 351
420 350
422 350
424 350
427 349
429 349
431 349
434 348
436 347
438 347
440 346
443 345
445 344
447 344
449 343
452 342
454 341
456 340
458 339
460 338
462 337
464 335
467 334
469 333
471 332
473 331
475 330
477 328
479 327
481 326
483 325
485 323
487 322
489 321
491 319
493 318
495 317
497 315
499 314
501 313
503 311
505 310
507 309
509 307
510 306
512 305
514 303
516 302
518 300
520 299
522 298
524 296
526 295
528 293
530 292
532 291
534 289
536 288
538 287
539 285
541 284
543 282
545 281
547 280
549 278
551 277
553 276
555 274
557 273
559 271
561 270
563 269
565 267
567 266
569 265
571 264
573 262
575 261
577 260
579 258
581 257
583 256
585 255
587 253
589 252
591 251
593 250
595 249
597 247
599 246
601 245
604 244
606 243
608 242
610 241
612 239
614 238
616 237
618 236
620 235
623 234
625 233
627 232
629 231
631 230
634 229
636 229
638 228
640 227
642 226
645 225
647 224
649 224
651 223
654 222
656 221
658 221
660 220
663 219
665 219
667 218
670 218
672 217
674 216
677 216
679 215
681 215
684 215
686 214
688 214
691 213
693 213
695 213
698 213
700 212
703 212
705 212
707 212
710 212
712 212
714 212
717 211
719 211
722 212
724 212
726 212
729 212
731 212
733 212
736 212
738 212
741 213
743 213
745 213
748 214
750 214
752 214
755 215
757 215
759 216
762 216
764 217
766 217
769 218
771 218
773 219
776 219
778 220
780 221
782 221
785 222
787 223
789 224
791 224
794 225
796 226
798 227
800 228
803 229
805 230
807 231
809 232
811 232
814 233
816 234
818 235
820 237
822 238
824 239
826 240
829 241
831 242
833 243
835 244
837 245
839 247
841 248
843 249
845 250
847 251
849 253
851 254
853 255
855 256
857 258
859 259
861 260
863 262
865 263
867 264
869 266
871 267
873 269
875 270
877 271
879 273
881 274
883 276
884 277
886 278
888 280
890 281
892 283
894 284
896 286
898 287
899 289
901 290
903 292
905 294
907 295
908 297
910 298
912 300
914 301
916 303
917 305
919 306
921 308
923 309
924 311
926 313
928 314
930 316
931 317
