1
5424
126 121
127 121
127 121
128 121
129 121
130 121
130 122
131 122
132 122
133 122
133 122
134 122
135 122
136 122
136 122
137 122
138 122
139 122
139 122
140 123
141 123
142 123
143 123
143 123
144 123
145 123
146 123
146 123
147 123
148 123
149 123
149 123
150 123
151 123
152 123
152 124
153 124
154 124
155 124
155 124
156 124
157 124
158 124
158 124
159 124
160 124
161 124
161 124
162 124
163 124
164 124
164 124
165 124
166 124
167 125
167 125
168 125
169 125
170 125
170 125
171 125
172 125
173 125
173 125
174 125
175 125
176 125
176 125
177 125
178 125
179 125
179 125
180 125
181 125
182 125
182 125
183 125
184 125
185 125
185 126
186 126
187 126
188 126
188 126
189 126
190 126
191 126
191 126
192 126
193 126
194 126
194 126
195 126
196 126
197 126
198 126
198 126
199 126
200 126
201 126
201 126
202 126
203 126
204 126
204 126
205 126
206 126
207 126
207 126
208 126
209 126
210 126
210 126
211 126
212 126
213 126
213 126
214 126
215 126
216 126
216 126
217 126
218 126
219 126
219 126
220 126
221 127
222 127
222 127
223 127
224 127
225 127
225 127
226 127
227 127
228 127
228 127
229 127
230 127
231 127
231 127
232 127
233 127
234 127
235 127
235 127
236 127
237 127
238 127
238 127
239 127
240 127
241 127
241 127
242 127
243 127
244 127
244 127
245 127
246 127
247 127
247 127
248 127
249 127
250 127
250 127
251 127
252 127
253 127
253 127
254 127
255 127
256 127
256 127
257 127
258 127
259 127
259 127
260 127
261 127
262 127
262 127
263 127
264 127
265 127
266 127
266 127
267 127
268 127
269 127
269 127
270 127
271 127
272 127
272 127
273 127
274 127
275 127
275 127
276 127
277 127
278 127
278 127
279 127
280 127
281 127
281 127
282 127
283 126
284 126
284 126
285 126
286 126
287 126
287 126
288 126
289 126
290 126
290 126
291 126
292 126
293 126
293 126
294 126
295 126
296 126
296 126
297 126
298 126
299 126
300 126
300 126
301 126
302 126
303 126
303 126
304 126
305 126
306 126
306 126
307 126
308 126
309 126
309 126
310 126
311 126
312 126
312 126
313 126
314 126
315 126
315 126
316 126
317 126
318 126
318 126
319 126
320 126
321 126
321 126
322 126
323 126
324 126
324 126
325 126
326 126
327 126
327 126
328 126
329 126
330 126
330 126
331 126
332 126
333 126
334 125
334 125
335 125
336 125
337 125
337 125
338 125
339 125
340 125
340 125
341 125
342 125
343 125
343 125
344 125
345 125
346 125
346 125
347 125
348 125
349 125
349 125
350 125
351 125
352 125
352 125
353 125
354 125
355 125
355 125
356 125
357 125
358 125
358 125
359 125
360 125
361 125
361 125
362 125
363 125
364 125
364 125
365 125
366 125
367 125
368 125
368 124
369 124
370 124
371 124
371 124
372 124
373 124
374 124
374 124
375 124
376 124
377 124
377 124
378 124
379 124
380 124
380 124
381 124
382 124
383 124
383 124
384 124
385 124
386 124
386 124
387 124
388 124
389 124
389 124
390 124
391 124
392 124
392 124
393 124
394 124
395 124
396 124
396 124
397 124
398 124
399 124
399 124
400 123
401 123
402 123
402 123
403 123
404 123
405 123
405 123
406 123
407 123
408 123
408 123
409 123
410 123
411 123
411 123
412 123
413 123
414 123
414 123
415 123
416 123
417 123
417 123
418 123
419 123
420 123
420 123
421 123
422 123
423 123
423 123
424 123
425 123
426 123
427 123
427 123
428 123
429 123
430 122
430 122
431 122
432 122
433 122
433 122
434 122
435 122
436 122
436 122
437 122
438 122
439 122
439 122
440 122
441 122
442 122
442 122
443 122
444 122
445 122
445 122
446 122
447 122
448 122
448 122
449 122
450 122
451 122
451 122
452 122
453 122
454 122
454 122
455 122
456 122
457 122
457 122
458 122
459 122
460 121
461 121
461 121
462 121
463 121
464 121
464 121
465 121
466 121
467 121
467 121
468 121
469 121
470 121
470 121
471 121
472 121
473 121
473 121
474 121
475 121
476 121
476 121
477 121
478 121
479 121
479 121
480 121
481 121
482 121
482 121
483 121
484 121
485 121
485 121
486 121
487 121
488 121
488 121
489 121
490 121
491 121
491 120
492 120
493 120
494 120
494 120
495 120
496 120
497 120
497 120
498 120
499 120
500 120
501 120
501 120
502 120
503 120
504 120
504 120
505 120
506 120
507 120
507 120
508 120
509 120
510 120
510 120
511 120
512 120
513 120
513 120
514 120
515 120
516 120
516 120
517 120
518 120
519 120
519 120
520 120
521 120
522 120
523 120
523 120
524 120
525 120
526 120
526 120
527 120
528 119
529 119
529 119
530 119
531 119
532 119
532 119
533 119
534 119
535 119
535 119
536 119
537 119
538 119
539 119
539 119
540 119
541 119
542 119
542 119
543 119
544 119
545 119
545 119
546 119
547 119
548 119
548 119
549 119
550 119
551 119
551 119
552 119
553 119
554 119
554 119
555 119
556 119
557 119
557 119
558 119
559 119
560 119
560 119
561 119
562 119
563 119
563 119
564 119
565 119
566 119
566 119
567 119
568 119
569 119
569 119
570 119
571 119
572 119
572 119
573 119
574 119
575 119
575 118
576 118
577 118
578 118
578 118
579 118
580 118
581 118
581 118
582 118
583 118
584 118
584 118
585 118
586 118
587 118
587 118
588 118
589 118
590 118
590 118
591 118
592 118
593 118
593 118
594 118
595 118
596 118
596 118
597 118
598 118
599 118
599 118
600 118
601 118
602 118
602 118
603 118
604 118
605 118
605 118
606 118
607 118
608 118
608 118
609 118
610 118
611 118
611 118
612 118
613 118
614 118
614 118
615 118
616 118
617 118
617 118
618 118
619 118
620 118
621 118
621 118
622 118
623 118
624 118
624 118
625 118
626 118
627 118
627 118
628 118
629 118
630 118
630 118
631 118
632 118
633 118
633 118
634 118
635 118
636 118
637 118
637 118
638 118
639 118
640 118
640 118
641 118
642 118
643 118
643 118
644 118
645 118
646 118
646 118
647 118
648 118
649 118
649 118
650 118
651 118
652 118
652 118
653 118
654 118
655 118
655 118
656 118
657 118
658 118
659 118
659 118
660 118
661 118
662 118
662 118
663 118
664 118
665 118
665 118
666 118
667 118
668 118
668 118
669 118
670 118
671 118
671 118
672 118
673 118
674 118
674 118
675 118
676 118
677 118
677 118
678 118
679 118
680 118
680 118
681 118
682 118
683 118
683 118
684 118
685 118
686 118
686 119
687 119
688 119
689 119
689 119
690 119
691 119
692 119
692 119
693 119
694 119
695 119
695 119
696 119
697 119
698 119
699 119
699 119
700 119
701 119
702 119
702 119
703 119
704 119
705 119
705 119
706 119
707 119
708 119
708 119
709 119
710 119
711 119
711 119
712 119
713 119
714 119
714 119
715 119
716 119
717 119
717 119
718 119
719 119
720 119
721 119
721 119
722 119
723 120
724 120
724 120
725 120
726 120
727 120
727 120
728 120
729 120
730 120
730 120
731 120
732 120
733 120
733 120
734 120
735 120
736 120
736 120
737 120
738 120
739 120
739 120
740 120
741 120
742 120
742 120
743 120
744 120
745 120
745 120
746 121
747 121
748 121
748 121
749 121
750 121
751 121
751 121
752 121
753 121
754 121
754 121
755 121
756 121
757 121
758 121
758 121
759 121
760 121
761 121
761 121
762 121
763 121
764 121
764 122
765 122
766 122
767 122
767 122
768 122
769 122
770 122
770 122
771 122
772 122
773 122
773 122
774 122
775 122
776 122
776 122
777 122
778 122
779 122
779 123
780 123
781 123
782 123
782 123
783 123
784 123
785 123
785 123
786 123
787 123
788 123
788 123
789 123
790 123
791 123
791 123
792 123
793 124
794 124
794 124
795 124
796 124
797 124
797 124
798 124
799 124
800 124
801 124
801 124
802 124
803 124
804 124
804 124
805 125
806 125
807 125
807 125
808 125
809 125
810 125
810 125
811 125
812 125
813 125
813 125
814 125
815 125
816 126
816 126
817 126
818 126
819 126
819 126
820 126
821 126
822 126
822 126
823 126
824 126
825 126
825 126
826 127
827 127
828 127
828 127
829 127
830 127
831 127
831 127
832 127
833 127
834 127
834 127
835 128
836 128
837 128
837 128
838 128
839 128
840 128
840 128
841 128
842 128
843 128
843 129
844 129
845 129
846 129
846 129
847 129
848 129
849 129
849 129
850 129
851 129
852 130
852 130
853 130
854 130
855 130
855 130
856 130
857 130
858 130
858 130
859 131
860 131
861 131
861 131
862 131
863 131
864 131
864 131
865 131
866 132
867 132
867 132
868 132
869 132
870 132
870 132
871 132
872 132
873 133
873 133
874 133
875 133
876 133
876 133
877 133
878 133
879 133
879 134
880 134
881 134
882 134
882 134
883 134
884 134
885 134
885 135
886 135
887 135
888 135
888 135
889 135
890 135
890 135
891 136
892 136
893 136
893 136
894 136
895 136
896 136
896 136
897 137
898 137
899 137
899 137
900 137
901 137
902 137
902 138
903 138
904 138
905 138
905 138
906 138
907 138
908 139
908 139
909 139
910 139
911 139
911 139
912 139
913 140
914 140
914 140
915 140
916 140
916 140
917 140
918 141
919 141
919 141
920 141
921 141
922 141
922 142
923 142
924 142
925 142
925 142
926 142
927 143
928 143
928 143
929 143
930 143
930 143
931 144
932 144
933 144
933 144
934 144
935 144
936 145
936 145
937 145
938 145
939 145
939 145
940 146
941 146
942 146
942 146
943 146
944 147
944 147
945 147
946 147
947 147
947 148
948 148
949 148
950 148
950 148
951 148
952 149
952 149
953 149
954 149
955 149
955 150
956 150
957 150
958 150
958 150
959 151
960 151
960 151
961 151
962 151
963 152
963 152
964 152
965 152
966 153
966 153
967 153
968 153
968 153
969 154
970 154
971 154
971 154
972 154
973 155
974 155
974 155
975 155
976 156
976 156
977 156
978 156
979 157
979 157
980 157
981 157
981 157
982 158
983 158
984 158
984 158
985 159
986 159
986 159
987 159
988 160
989 160
989 160
990 160
991 161
991 161
992 161
993 161
994 162
994 162
995 162
996 162
996 163
997 163
998 163
999 164
999 164
1000 164
1001 164
1001 165
1002 165
1003 165
1003 165
1004 166
1005 166
1006 166
1006 167
1007 167
1008 167
1008 167
1009 168
1010 168
1010 168
1011 169
1012 169
1013 169
1013 169
1014 170
1015 170
1015 170
1016 171
1017 171
1017 171
1018 172
1019 172
1019 172
1020 172
1021 173
1022 173
1022 173
1023 174
1024 174
1024 174
1025 175
1026 175
1026 175
1027 176
1028 176
1028 176
1029 177
1030 177
1030 177
1031 178
1032 178
1032 178
1033 179
1034 179
1034 179
1035 180
1036 180
1037 180
1037 181
1038 181
1039 181
1039 182
1040 182
1041 182
1041 183
1042 183
1043 183
1043 184
1044 184
1045 185
1045 185
1046 185
1046 186
1047 186
1048 186
1048 187
1049 187
1050 187
1050 188
1051 188
1052 189
1052 189
1053 189
1054 190
1054 190
1055 191
1056 191
1056 191
1057 192
1058 192
1058 193
1059 193
1059 193
1060 194
1061 194
1061 195
1062 195
1063 195
1063 196
1064 196
1064 197
1065 197
1066 197
1066 198
1067 198
1068 199
1068 199
1069 200
1069 200
1070 200
1071 201
1071 201
1072 202
1073 202
1073 203
1074 203
1074 204
1075 204
1076 204
1076 205
1077 205
1077 206
1078 206
1079 207
1079 207
1080 208
1080 208
1081 209
1082 209
1082 210
1083 210
1083 211
1084 211
1084 212
1085 212
1086 213
1086 213
1087 213
1087 214
1088 214
1088 215
1089 215
1090 216
1090 216
1091 217
1091 217
1092 218
1092 218
1093 219
1093 220
1094 220
1095 221
1095 221
1096 222
1096 222
1097 223
1097 223
1098 224
1098 224
1099 225
1099 225
1100 226
1100 226
1101 227
1102 227
1102 228
1103 229
1103 229
1104 230
1104 230
1105 231
1105 231
1106 232
1106 232
1107 233
1107 234
1108 234
1108 235
1109 235
1109 236
1110 236
1110 237
1111 238
1111 238
1112 239
1112 239
1113 240
1113 241
1113 241
1114 242
1114 242
1115 243
1115 243
1116 244
1116 245
1117 245
1117 246
1118 246
1118 247
1119 248
1119 248
1119 249
1120 249
1120 250
1121 251
1121 251
1122 252
1122 253
1122 253
1123 254
1123 254
1124 255
1124 256
1125 256
1125 257
1125 258
1126 258
1126 259
1127 259
1127 260
1127 261
1128 261
1128 262
1129 263
1129 263
1129 264
1130 265
1130 265
1131 266
1131 267
1131 267
1132 268
1132 269
1133 269
1133 270
1133 270
1134 271
1134 272
1134 272
1135 273
1135 274
1135 274
1136 275
1136 276
1137 276
1137 277
1137 278
1138 278
1138 279
1138 280
1139 280
1139 281
1139 282
1140 282
1140 283
1140 284
1141 285
1141 285
1141 286
1142 287
1142 287
1142 288
1142 289
1143 289
1143 290
1143 291
1144 291
1144 292
1144 293
1145 293
1145 294
1145 295
1145 295
1146 296
1146 297
1146 298
1147 298
1147 299
1147 300
1147 300
1148 301
1148 302
1148 302
1149 303
1149 304
1149 305
1149 305
1150 306
1150 307
1150 307
1150 308
1151 309
1151 310
1151 310
1151 311
1152 312
1152 312
1152 313
1152 314
1153 315
1153 315
1153 316
1153 317
1153 317
1154 318
1154 319
1154 320
1154 320
1155 321
1155 322
1155 322
1155 323
1155 324
1156 325
1156 325
1156 326
1156 327
1156 328
1157 328
1157 329
1157 330
1157 330
1157 331
1158 332
1158 333
1158 333
1158 334
1158 335
1158 336
1159 336
1159 337
1159 338
1159 338
1159 339
1160 340
1160 341
1160 341
1160 342
1160 343
1160 344
1160 344
1161 345
1161 346
1161 347
1161 347
1161 348
1161 349
1161 350
1162 350
1162 351
1162 352
1162 353
1162 353
1162 354
1162 355
1163 355
1163 356
1163 357
1163 358
1163 358
1163 359
1163 360
1163 361
1163 361
1164 362
1164 363
1164 364
1164 364
1164 365
1164 366
1164 367
1164 367
1164 368
1164 369
1165 370
1165 370
1165 371
1165 372
1165 373
1165 373
1165 374
1165 375
1165 376
1165 376
1165 377
1165 378
1166 379
1166 379
1166 380
1166 381
1166 382
1166 382
1166 383
1166 384
1166 385
1166 385
1166 386
1166 387
1166 388
1166 388
1166 389
1166 390
1166 391
1166 391
1166 392
1166 393
1167 394
1167 394
1167 395
1167 396
1167 397
1167 397
1167 398
1167 399
1167 400
1167 400
1167 401
1167 402
1167 403
1167 403
1167 404
1167 405
1167 406
1167 407
1167 407
1167 408
1167 409
1167 410
1167 410
1167 411
1167 412
1167 413
1167 413
1167 414
1167 415
1167 416
1167 416
1167 417
1167 418
1167 419
1167 419
1167 420
1167 421
1166 422
1166 422
1166 423
1166 424
1166 425
1166 425
1166 426
1166 427
1166 428
1166 428
1166 429
1166 430
1166 431
1166 431
1166 432
1166 433
1166 434
1166 434
1166 435
1166 436
1166 437
1165 437
1165 438
1165 439
1165 440
1165 440
1165 441
1165 442
1165 443
1165 443
1165 444
1165 445
1165 446
1164 446
1164 447
1164 448
1164 449
1164 449
1164 450
1164 451
1164 452
1164 452
1164 453
1164 454
1163 455
1163 455
1163 456
1163 457
1163 458
1163 458
1163 459
1163 460
1162 461
1162 461
1162 462
1162 463
1162 464
1162 464
1162 465
1162 466
1161 467
1161 467
1161 468
1161 469
1161 469
1161 470
1161 471
1160 472
1160 472
1160 473
1160 474
1160 475
1160 475
1160 476
1159 477
1159 478
1159 478
1159 479
1159 480
1159 481
1158 481
1158 482
1158 483
1158 483
1158 484
1157 485
1157 486
1157 486
1157 487
1157 488
1157 489
1156 489
1156 490
1156 491
1156 492
1156 492
1155 493
1155 494
1155 494
1155 495
1155 496
1154 497
1154 497
1154 498
1154 499
1154 499
1153 500
1153 501
1153 502
1153 502
1152 503
1152 504
1152 505
1152 505
1151 506
1151 507
1151 507
1151 508
1151 509
1150 510
1150 510
1150 511
1150 512
1149 512
1149 513
1149 514
1149 515
1148 515
1148 516
1148 517
1147 517
1147 518
1147 519
1147 519
1146 520
1146 521
1146 522
1146 522
1145 523
1145 524
1145 524
1144 525
1144 526
1144 526
1144 527
1143 528
1143 529
1143 529
1142 530
1142 531
1142 531
1141 532
1141 533
1141 533
1140 534
1140 535
1140 535
1139 536
1139 537
1139 537
1138 538
1138 539
1138 539
1137 540
1137 541
1137 541
1136 542
1136 543
1136 543
1135 544
1135 545
1135 545
1134 546
1134 547
1134 547
1133 548
1133 549
1132 549
1132 550
1132 551
1131 551
1131 552
1131 553
1130 553
1130 554
1129 555
1129 555
1129 556
1128 557
1128 557
1127 558
1127 558
1127 559
1126 560
1126 560
1125 561
1125 562
1125 562
1124 563
1124 563
1123 564
1123 565
1122 565
1122 566
1122 567
1121 567
1121 568
1120 568
1120 569
1119 570
1119 570
1118 571
1118 571
1118 572
1117 573
1117 573
1116 574
1116 574
1115 575
1115 576
1114 576
1114 577
1113 577
1113 578
1112 578
1112 579
1111 580
1111 580
1110 581
1110 581
1109 582
1109 582
1108 583
1108 584
1107 584
1107 585
1106 585
1106 586
1105 586
1105 587
1104 587
1104 588
1103 588
1103 589
1102 590
1102 590
1101 591
1101 591
1100 592
1099 592
1099 593
1098 593
1098 594
1097 594
1097 595
1096 595
1096 596
1095 596
1094 597
1094 597
1093 598
1093 598
1092 599
1092 599
1091 600
1090 600
1090 601
1089 601
1089 602
1088 602
1088 603
1087 603
1086 604
1086 604
1085 605
1085 605
1084 605
1083 606
1083 606
1082 607
1082 607
1081 608
1080 608
1080 609
1079 609
1079 609
1078 610
1077 610
1077 611
1076 611
1075 612
1075 612
1074 612
1074 613
1073 613
1072 614
1072 614
1071 614
1070 615
1070 615
1069 616
1068 616
1068 616
1067 617
1067 617
1066 618
1065 618
1065 618
1064 619
1063 619
1063 620
1062 620
1061 620
1061 621
1060 621
1059 621
1059 622
1058 622
1057 622
1057 623
1056 623
1055 623
1055 624
1054 624
1053 625
1053 625
1052 625
1051 626
1051 626
1050 626
1049 627
1049 627
1048 627
1047 627
1047 628
1046 628
1045 628
1045 629
1044 629
1043 629
1042 630
1042 630
1041 630
1040 631
1040 631
1039 631
1038 631
1038 632
1037 632
1036 632
1035 633
1035 633
1034 633
1033 633
1033 634
1032 634
1031 634
1031 634
1030 635
1029 635
1028 635
1028 636
1027 636
1026 636
1026 636
1025 637
1024 637
1023 637
1023 637
1022 638
1021 638
1021 638
1020 638
1019 638
1018 639
1018 639
1017 639
1016 639
1016 640
1015 640
1014 640
1013 640
1013 641
1012 641
1011 641
1011 641
1010 641
1009 642
1008 642
1008 642
1007 642
1006 642
1005 643
1005 643
1004 643
1003 643
1003 643
1002 644
1001 644
1000 644
1000 644
999 644
998 644
997 645
997 645
996 645
995 645
995 645
994 646
993 646
992 646
992 646
991 646
990 646
989 647
989 647
988 647
987 647
986 647
986 647
985 647
984 648
983 648
983 648
982 648
981 648
981 648
980 648
979 649
978 649
978 649
977 649
976 649
975 649
975 649
974 650
973 650
972 650
972 650
971 650
970 650
969 650
969 650
968 651
967 651
966 651
966 651
965 651
964 651
963 651
963 651
962 651
961 652
960 652
960 652
959 652
958 652
957 652
957 652
956 652
955 652
954 653
954 653
953 653
952 653
951 653
951 653
950 653
949 653
949 653
948 653
947 653
946 654
946 654
945 654
944 654
943 654
943 654
942 654
941 654
940 654
940 654
939 654
938 654
937 654
937 655
936 655
935 655
934 655
934 655
933 655
932 655
931 655
930 655
930 655
929 655
928 655
927 655
927 655
926 655
925 655
924 656
924 656
923 656
922 656
921 656
921 656
920 656
919 656
918 656
918 656
917 656
916 656
915 656
915 656
914 656
913 656
912 656
912 656
911 656
910 656
909 656
909 657
908 657
907 657
906 657
906 657
905 657
904 657
903 657
903 657
902 657
901 657
900 657
900 657
899 657
898 657
897 657
897 657
896 657
895 657
894 657
894 657
893 657
892 657
891 657
891 657
890 657
889 657
888 657
888 657
887 657
886 657
885 657
885 657
884 657
883 657
882 657
882 657
881 657
880 657
879 657
879 657
878 657
877 657
876 657
876 657
875 658
874 658
873 658
873 658
872 658
871 658
870 658
870 658
869 658
868 658
867 658
866 658
866 658
865 658
864 658
863 658
863 658
862 658
861 658
860 658
860 658
859 658
858 658
857 658
857 658
856 658
855 658
854 658
854 658
853 658
852 658
851 658
851 657
850 657
849 657
848 657
848 657
847 657
846 657
845 657
845 657
844 657
843 657
842 657
842 657
841 657
840 657
839 657
839 657
838 657
837 657
836 657
836 657
835 657
834 657
833 657
833 657
832 657
831 657
830 657
830 657
829 657
828 657
827 657
827 657
826 657
825 657
824 657
824 657
823 657
822 657
821 657
820 657
820 657
819 657
818 657
817 657
817 657
816 657
815 657
814 657
814 657
813 657
812 657
811 657
811 657
810 657
809 656
808 656
808 656
807 656
806 656
805 656
805 656
804 656
803 656
802 656
802 656
801 656
800 656
799 656
799 656
798 656
797 656
796 656
796 656
795 656
794 656
793 656
793 656
792 656
791 656
790 656
790 656
789 656
788 656
787 656
787 656
786 656
785 655
784 655
784 655
783 655
782 655
781 655
781 655
780 655
779 655
778 655
778 655
777 655
776 655
775 655
775 655
774 655
773 655
772 655
772 655
771 655
770 655
769 655
768 655
768 655
767 655
766 655
765 655
765 655
764 654
763 654
762 654
762 654
761 654
760 654
759 654
759 654
758 654
757 654
756 654
756 654
755 654
754 654
753 654
753 654
752 654
751 654
750 654
750 654
749 654
748 654
747 654
747 654
746 654
745 654
744 653
744 653
743 653
742 653
741 653
741 653
740 653
739 653
738 653
738 653
737 653
736 653
735 653
735 653
734 653
733 653
732 653
732 653
731 653
730 653
729 653
729 653
728 653
727 653
726 653
726 652
725 652
724 652
723 652
723 652
722 652
721 652
720 652
720 652
719 652
718 652
717 652
717 652
716 652
715 652
714 652
714 652
713 652
712 652
711 652
710 652
710 652
709 652
708 652
707 652
707 651
706 651
705 651
704 651
704 651
703 651
702 651
701 651
701 651
700 651
699 651
698 651
698 651
697 651
696 651
695 651
695 651
694 651
693 651
692 651
692 651
691 651
690 651
689 651
689 651
688 651
687 651
686 650
686 650
685 650
684 650
683 650
683 650
682 650
681 650
680 650
680 650
679 650
678 650
677 650
677 650
676 650
675 650
674 650
674 650
673 650
672 650
671 650
671 650
670 650
669 650
668 650
668 650
667 650
666 650
665 649
665 649
664 649
663 649
662 649
662 649
661 649
660 649
659 649
658 649
658 649
657 649
656 649
655 649
655 649
654 649
653 649
652 649
652 649
651 649
650 649
649 649
649 649
648 649
647 649
646 649
646 649
645 649
644 649
643 649
643 649
642 649
641 648
640 648
640 648
639 648
638 648
637 648
637 648
636 648
635 648
634 648
634 648
633 648
632 648
631 648
631 648
630 648
629 648
628 648
628 648
627 648
626 648
625 648
625 648
624 648
623 648
622 648
622 648
621 648
620 648
619 648
619 648
618 648
617 648
616 648
615 648
615 648
614 648
613 648
612 648
612 648
611 648
610 648
609 648
609 647
608 647
607 647
606 647
606 647
605 647
604 647
603 647
603 647
602 647
601 647
600 647
600 647
599 647
598 647
597 647
597 647
596 647
595 647
594 647
594 647
593 647
592 647
591 647
591 647
590 647
589 647
588 647
588 647
587 647
586 647
585 647
585 647
584 647
583 647
582 647
582 647
581 647
580 647
579 647
579 647
578 647
577 647
576 647
575 647
575 647
574 647
573 647
572 647
572 647
571 647
570 647
569 647
569 647
568 647
567 647
566 647
566 647
565 647
564 647
563 647
563 647
562 647
561 647
560 647
560 647
559 647
558 647
557 647
557 647
556 647
555 647
554 647
554 647
553 647
552 647
551 647
551 647
550 647
549 647
548 647
548 647
547 647
546 647
545 647
545 647
544 647
543 647
542 647
542 647
541 647
540 647
539 647
538 647
538 647
537 647
536 647
535 647
535 647
534 647
533 647
532 647
532 647
531 647
530 647
529 647
529 647
528 647
527 647
526 647
526 647
525 647
524 647
523 647
523 647
522 647
521 647
520 647
520 647
519 647
518 647
517 647
517 647
516 647
515 647
514 647
514 647
513 647
512 647
511 647
511 647
510 647
509 647
508 647
508 647
507 648
506 648
505 648
505 648
504 648
503 648
502 648
501 648
501 648
500 648
499 648
498 648
498 648
497 648
496 648
495 648
495 648
494 648
493 648
492 648
492 648
491 648
490 648
489 648
489 648
488 648
487 648
486 648
486 648
485 648
484 648
483 648
483 648
482 648
481 648
480 648
480 648
479 648
478 648
477 648
477 648
476 648
475 649
474 649
474 649
473 649
472 649
471 649
471 649
470 649
469 649
468 649
468 649
467 649
466 649
465 649
465 649
464 649
463 649
462 649
461 649
461 649
460 649
459 649
458 649
458 649
457 649
456 649
455 649
455 649
454 649
453 649
452 649
452 649
451 649
450 649
449 649
449 649
448 650
447 650
446 650
446 650
445 650
444 650
443 650
443 650
442 650
441 650
440 650
440 650
439 650
438 650
437 650
437 650
436 650
435 650
434 650
434 650
433 650
432 650
431 650
431 650
430 650
429 650
428 650
428 650
427 650
426 650
425 650
425 650
424 650
423 651
422 651
422 651
421 651
420 651
419 651
419 651
418 651
417 651
416 651
416 651
415 651
414 651
413 651
413 651
412 651
411 651
410 651
410 651
409 651
408 651
407 651
407 651
406 651
405 651
404 651
404 651
403 651
402 651
401 651
401 651
400 651
399 651
398 651
398 651
397 651
396 651
395 652
394 652
394 652
393 652
392 652
391 652
391 652
390 652
389 652
388 652
388 652
387 652
386 652
385 652
385 652
384 652
383 652
382 652
382 652
381 652
380 652
379 652
379 652
378 652
377 652
376 652
376 652
375 652
374 652
373 652
373 652
372 652
371 652
370 652
370 652
369 652
368 652
367 652
367 652
366 652
365 652
364 652
364 652
363 652
362 652
361 652
360 652
360 653
359 653
358 653
357 653
357 653
356 653
355 653
354 653
354 653
353 653
352 653
351 653
351 653
350 653
349 653
348 653
348 653
347 653
346 653
345 653
345 653
344 653
343 653
342 653
342 653
341 653
340 653
339 653
339 653
338 653
337 653
336 653
336 653
335 653
334 653
333 653
333 653
332 653
331 653
330 653
330 653
329 653
328 653
327 653
327 653
326 653
325 653
324 653
323 653
323 653
322 653
321 653
320 653
320 653
319 653
318 653
317 653
317 653
316 653
315 653
314 653
314 653
313 653
312 653
311 653
311 653
310 653
309 653
308 653
308 653
307 653
306 653
305 653
305 653
304 653
303 653
302 653
302 653
301 653
300 653
299 653
299 653
298 653
297 653
296 653
296 653
295 652
294 652
293 652
293 652
292 652
291 652
290 652
290 652
289 652
288 652
287 652
287 652
286 652
285 652
284 652
283 652
283 652
282 652
281 652
280 652
280 652
279 652
278 652
277 652
277 652
276 652
275 652
274 652
274 652
273 652
272 652
271 652
271 651
270 651
269 651
268 651
268 651
267 651
266 651
265 651
265 651
264 651
263 651
262 651
262 651
261 651
260 651
259 651
259 651
258 651
257 651
256 651
256 650
255 650
254 650
253 650
253 650
252 650
251 650
250 650
250 650
249 650
248 650
247 650
247 650
246 650
245 650
244 649
244 649
243 649
242 649
241 649
241 649
240 649
239 649
238 649
238 649
237 649
236 649
235 648
235 648
234 648
233 648
232 648
232 648
231 648
230 648
229 648
229 648
228 648
227 647
226 647
226 647
225 647
224 647
223 647
223 647
222 647
221 647
220 646
220 646
219 646
218 646
217 646
217 646
216 646
215 646
214 646
214 645
213 645
212 645
211 645
211 645
210 645
209 645
208 644
208 644
207 644
206 644
206 644
205 644
204 644
203 644
203 643
202 643
201 643
200 643
200 643
199 643
198 642
197 642
197 642
196 642
195 642
194 642
194 641
193 641
192 641
191 641
191 641
190 641
189 640
189 640
188 640
187 640
186 640
186 639
185 639
184 639
183 639
183 639
182 639
181 638
181 638
180 638
179 638
178 637
178 637
177 637
176 637
175 637
175 636
174 636
173 636
173 636
172 635
171 635
170 635
170 635
169 635
168 634
168 634
167 634
166 634
165 633
165 633
164 633
163 633
163 632
162 632
161 632
161 631
160 631
159 631
158 631
158 630
157 630
156 630
156 630
155 629
154 629
154 629
153 628
152 628
151 628
151 627
150 627
149 627
149 626
148 626
147 626
147 625
146 625
145 625
145 624
144 624
143 624
143 623
142 623
141 623
141 622
140 622
139 622
139 621
138 621
137 621
137 620
136 620
135 619
135 619
134 619
133 618
133 618
132 617
132 617
131 617
130 616
130 616
129 615
128 615
128 614
127 614
127 614
126 613
125 613
125 612
124 612
124 611
123 611
122 610
122 610
121 610
121 609
120 609
119 608
119 608
118 607
118 607
117 606
116 606
116 605
115 605
115 604
114 604
114 603
113 603
112 602
112 602
111 601
111 601
110 600
110 600
109 599
109 599
108 598
108 598
107 597
107 596
106 596
106 595
105 595
105 594
104 594
103 593
103 593
102 592
102 591
102 591
101 590
101 590
100 589
100 589
99 588
99 587
98 587
98 586
97 586
97 585
96 584
96 584
95 583
95 583
94 582
94 581
94 581
93 580
93 580
92 579
92 578
91 578
91 577
91 576
90 576
90 575
89 575
89 574
89 573
88 573
88 572
87 571
87 571
87 570
86 569
86 569
85 568
85 568
85 567
84 566
84 566
84 565
83 564
83 564
83 563
82 562
82 562
82 561
81 560
81 560
81 559
80 558
80 558
80 557
79 556
79 555
79 555
78 554
78 553
78 553
77 552
77 551
77 551
77 550
76 549
76 549
76 548
75 547
75 546
75 546
75 545
74 544
74 544
74 543
74 542
73 542
73 541
73 540
73 539
72 539
72 538
72 537
72 537
71 536
71 535
71 534
71 534
71 533
70 532
70 531
70 531
70 530
69 529
69 529
69 528
69 527
69 526
69 526
68 525
68 524
68 523
68 523
68 522
67 521
67 521
67 520
67 519
67 518
67 518
66 517
66 516
66 515
66 515
66 514
66 513
66 512
65 512
65 511
65 510
65 509
65 509
65 508
65 507
65 506
64 506
64 505
64 504
64 503
64 503
64 502
64 501
64 501
64 500
64 499
64 498
63 498
63 497
63 496
63 495
63 495
63 494
63 493
63 492
63 492
63 491
63 490
63 489
63 489
63 488
63 487
62 486
62 486
62 485
62 484
62 483
62 483
62 482
62 481
62 480
62 480
62 479
62 478
62 477
62 477
62 476
62 475
62 474
62 474
62 473
62 472
62 471
62 471
62 470
62 469
62 468
62 467
62 467
62 466
62 465
62 464
62 464
62 463
62 462
62 461
62 461
62 460
62 459
63 458
63 458
63 457
63 456
63 455
63 455
63 454
63 453
63 452
63 452
63 451
63 450
63 449
63 449
63 448
63 447
64 446
64 446
64 445
64 444
64 443
64 443
64 442
64 441
64 440
64 440
64 439
65 438
65 437
65 437
65 436
65 435
65 434
65 434
65 433
65 432
66 432
66 431
66 430
66 429
66 429
66 428
66 427
67 426
67 426
67 425
67 424
67 423
67 423
67 422
68 421
68 420
68 420
68 419
68 418
68 417
69 417
69 416
69 415
69 415
69 414
69 413
70 412
70 412
70 411
70 410
70 409
71 409
71 408
71 407
71 407
71 406
72 405
72 404
72 404
72 403
72 402
73 401
73 401
73 400
73 399
74 399
74 398
74 397
74 396
74 396
75 395
75 394
75 394
75 393
76 392
76 391
76 391
76 390
77 389
77 389
77 388
78 387
78 387
78 386
78 385
79 384
79 384
79 383
79 382
80 382
80 381
80 380
81 380
81 379
81 378
82 377
82 377
82 376
82 375
83 375
83 374
83 373
84 373
84 372
84 371
85 371
85 370
85 369
86 369
86 368
86 367
87 367
87 366
87 365
88 365
88 364
89 363
89 363
89 362
90 361
90 361
90 360
91 359
91 359
91 358
92 357
92 357
93 356
93 355
93 355
94 354
94 354
95 353
95 352
95 352
96 351
96 350
97 350
97 349
97 348
98 348
98 347
99 347
99 346
100 345
100 345
101 344
101 344
101 343
102 342
102 342
103 341
103 341
104 340
104 339
105 339
105 338
106 338
106 337
106 336
107 336
107 335
108 335
108 334
109 333
109 333
110 332
110 332
111 331
111 331
112 330
112 330
113 329
113 328
114 328
114 327
115 327
115 326
116 326
116 325
117 325
117 324
118 323
119 323
119 322
120 322
120 321
121 321
121 320
122 320
122 319
123 319
123 318
124 318
125 317
125 317
126 316
126 316
127 315
127 315
128 314
129 314
129 313
130 313
130 312
131 312
131 311
132 311
133 310
133 310
134 309
134 309
135 309
135 308
136 308
137 307
137 307
138 306
138 306
139 305
140 305
140 304
141 304
142 304
142 303
143 303
143 302
144 302
145 301
145 301
146 301
146 300
147 300
148 299
148 299
149 298
150 298
150 298
151 297
152 297
152 296
153 296
153 296
154 295
155 295
155 294
156 294
157 294
157 293
158 293
159 293
159 292
160 292
161 291
161 291
162 291
163 290
163 290
164 290
165 289
165 289
166 289
167 288
167 288
168 287
169 287
169 287
170 286
171 286
171 286
172 285
173 285
173 285
174 284
175 284
175 284
176 283
177 283
177 283
178 283
179 282
179 282
180 282
181 281
181 281
182 281
183 280
184 280
184 280
185 279
186 279
186 279
187 279
188 278
188 278
189 278
190 277
190 277
191 277
192 277
193 276
193 276
194 276
195 275
195 275
196 275
197 275
197 274
198 274
199 274
200 274
200 273
201 273
202 273
202 273
203 272
204 272
205 272
205 272
206 271
207 271
207 271
208 271
209 270
210 270
210 270
211 270
212 269
212 269
213 269
214 269
215 269
215 268
216 268
217 268
217 268
218 267
219 267
220 267
220 267
221 267
222 266
223 266
223 266
224 266
225 266
225 265
226 265
227 265
228 265
228 265
229 264
230 264
230 264
231 264
232 264
233 263
233 263
234 263
235 263
236 263
236 262
237 262
238 262
239 262
239 262
240 261
241 261
241 261
242 261
243 261
244 261
244 260
245 260
246 260
247 260
247 260
248 260
249 259
250 259
250 259
251 259
252 259
252 259
253 258
254 258
255 258
255 258
256 258
257 258
258 258
258 257
259 257
260 257
261 257
261 257
262 257
263 257
264 256
264 256
265 256
266 256
267 256
267 256
268 256
269 255
269 255
270 255
271 255
272 255
272 255
273 255
274 254
275 254
275 254
276 254
277 254
278 254
278 254
279 254
280 253
281 253
281 253
282 253
283 253
284 253
284 253
285 253
286 253
287 252
287 252
288 252
289 252
290 252
290 252
291 252
292 252
293 252
293 251
294 251
295 251
296 251
296 251
297 251
298 251
299 251
299 251
300 251
301 250
302 250
302 250
303 250
304 250
305 250
305 250
306 250
307 250
307 250
308 249
309 249
310 249
310 249
311 249
312 249
313 249
313 249
314 249
315 249
316 249
316 249
317 248
318 248
319 248
319 248
320 248
321 248
322 248
322 248
323 248
324 248
325 248
325 248
326 248
327 247
328 247
328 247
329 247
330 247
331 247
331 247
332 247
333 247
334 247
334 247
335 247
336 247
337 247
338 246
338 246
339 246
340 246
341 246
341 246
342 246
343 246
344 246
344 246
345 246
346 246
347 246
347 246
348 246
349 246
350 246
350 245
351 245
352 245
353 245
353 245
354 245
355 245
356 245
356 245
357 245
358 245
359 245
359 245
360 245
361 245
362 245
362 245
363 245
364 245
365 245
365 245
366 244
367 244
368 244
368 244
369 244
370 244
371 244
371 244
372 244
373 244
374 244
374 244
375 244
376 244
377 244
377 244
378 244
379 244
380 244
380 244
381 244
382 244
383 244
383 244
384 244
385 244
386 244
386 244
387 244
388 243
389 243
389 243
390 243
391 243
392 243
392 243
393 243
394 243
395 243
395 243
396 243
397 243
398 243
398 243
399 243
400 243
401 243
402 243
402 243
403 243
404 243
405 243
405 243
406 243
407 243
408 243
408 243
409 243
410 243
411 243
411 243
412 243
413 243
414 243
414 243
415 243
416 243
417 243
417 243
418 243
419 243
420 243
420 243
421 243
422 243
423 243
423 243
424 243
425 243
426 243
426 243
427 243
428 243
429 243
429 243
430 243
431 243
432 243
432 243
433 243
434 243
435 243
435 243
436 243
437 243
438 243
438 243
439 243
440 243
441 243
441 243
442 243
443 243
444 243
445 243
445 243
446 243
447 243
448 243
448 243
449 243
450 243
451 243
451 243
452 243
453 243
454 243
454 243
455 243
456 243
457 243
457 243
458 243
459 243
460 243
460 243
461 243
462 243
463 243
463 243
464 243
465 243
466 243
466 243
467 243
468 243
469 243
469 243
470 243
471 243
472 243
472 243
473 243
474 243
475 243
475 243
476 243
477 243
478 243
478 243
479 244
480 244
481 244
481 244
482 244
483 244
484 244
484 244
485 244
486 244
487 244
488 244
488 244
489 244
490 244
491 244
491 244
492 244
493 244
494 244
494 244
495 244
496 244
497 244
497 244
498 244
499 244
500 244
500 244
501 244
502 244
503 244
503 244
504 245
505 245
506 245
506 245
507 245
508 245
509 245
509 245
510 245
511 245
512 245
512 245
513 245
514 245
515 245
515 245
516 245
517 245
518 245
518 245
519 245
520 245
521 245
521 245
522 245
523 246
524 246
524 246
525 246
526 246
527 246
527 246
528 246
529 246
530 246
530 246
531 246
532 246
533 246
533 246
534 246
535 246
536 246
536 246
537 246
538 247
539 247
539 247
540 247
541 247
542 247
542 247
543 247
544 247
545 247
545 247
546 247
547 247
548 247
549 247
549 247
550 247
551 247
552 247
552 248
553 248
554 248
555 248
555 248
556 248
557 248
558 248
558 248
559 248
560 248
561 248
561 248
562 248
563 248
564 248
564 249
565 249
566 249
567 249
567 249
568 249
569 249
570 249
570 249
571 249
572 249
573 249
573 249
574 249
575 249
576 250
576 250
577 250
578 250
579 250
579 250
580 250
581 250
582 250
582 250
583 250
584 250
585 250
585 250
586 250
587 251
588 251
589 251
589 251
590 251
591 251
592 251
592 251
593 251
594 251
595 251
595 251
596 251
597 252
598 252
598 252
599 252
600 252
601 252
601 252
602 252
603 252
604 252
604 252
605 252
606 252
607 253
607 253
608 253
609 253
610 253
610 253
611 253
612 253
613 253
613 253
614 253
615 253
616 254
616 254
617 254
618 254
619 254
619 254
620 254
621 254
622 254
622 254
623 254
624 255
625 255
625 255
626 255
627 255
628 255
628 255
629 255
630 255
631 255
631 255
632 255
633 256
634 256
634 256
635 256
636 256
637 256
637 256
638 256
639 256
640 256
640 257
641 257
642 257
643 257
643 257
644 257
645 257
646 257
646 257
647 257
648 257
649 258
649 258
650 258
651 258
652 258
652 258
653 258
654 258
655 258
655 258
656 259
657 259
658 259
658 259
659 259
660 259
661 259
661 259
662 259
663 260
664 260
664 260
665 260
666 260
667 260
667 260
668 260
669 260
670 260
670 261
671 261
672 261
672 261
673 261
674 261
675 261
675 261
676 261
677 262
678 262
678 262
679 262
680 262
681 262
681 262
682 262
683 262
684 263
684 263
685 263
686 263
687 263
687 263
688 263
689 263
690 264
690 264
691 264
692 264
693 264
693 264
694 264
695 264
696 264
696 265
697 265
698 265
699 265
699 265
700 265
701 265
702 265
702 266
703 266
704 266
705 266
705 266
706 266
707 266
708 266
708 267
709 267
710 267
710 267
711 267
712 267
713 267
713 267
714 268
715 268
716 268
716 268
717 268
718 268
719 268
719 269
720 269
721 269
722 269
722 269
723 269
724 269
725 270
725 270
726 270
727 270
728 270
728 270
729 270
730 270
731 271
731 271
732 271
733 271
733 271
734 271
735 271
736 272
736 272
737 272
738 272
739 272
739 272
740 273
741 273
742 273
742 273
743 273
744 273
745 273
745 274
746 274
747 274
748 274
748 274
749 274
750 274
750 275
751 275
752 275
753 275
753 275
754 275
755 276
756 276
756 276
757 276
758 276
759 276
759 277
760 277
761 277
762 277
762 277
763 277
764 278
764 278
765 278
766 278
767 278
767 278
768 279
769 279
770 279
770 279
771 279
772 279
773 280
773 280
774 280
775 280
776 280
776 280
777 281
778 281
778 281
779 281
780 281
781 281
781 282
782 282
783 282
784 282
784 282
785 283
786 283
786 283
787 283
788 283
789 283
789 284
790 284
791 284
792 284
792 284
793 285
794 285
795 285
795 285
796 285
797 286
797 286
798 286
799 286
800 286
800 287
801 287
802 287
803 287
803 287
804 288
805 288
805 288
806 288
807 288
808 289
808 289
809 289
810 289
811 289
811 290
812 290
813 290
813 290
814 290
815 291
816 291
816 291
817 291
818 292
818 292
819 292
820 292
821 292
821 293
822 293
823 293
824 293
824 294
825 294
826 294
826 294
827 294
828 295
829 295
829 295
830 295
831 296
831 296
832 296
833 296
834 297
834 297
835 297
836 297
836 297
837 298
838 298
839 298
839 298
840 299
841 299
841 299
842 299
843 300
844 300
844 300
845 300
846 301
846 301
847 301
848 301
849 302
849 302
850 302
851 302
851 303
852 303
853 303
853 304
854 304
855 304
856 304
856 305
857 305
858 305
858 305
859 306
860 306
861 306
861 307
862 307
863 307
863 307
864 308
865 308
865 308
866 309
867 309
867 309
868 309
869 310
870 310
870 310
871 311
872 311
872 311
873 311
874 312
874 312
875 312
876 313
876 313
877 313
878 314
879 314
879 314
880 315
881 315
881 315
882 316
883 316
883 316
884 317
885 317
885 317
886 317
887 318
887 318
888 318
889 319
889 319
890 320
891 320
891 320
892 321
893 321
893 321
894 322
895 322
895 322
896 323
897 323
897 323
898 324
899 324
899 324
900 325
901 325
901 326
902 326
903 326
903 327
904 327
905 327
905 328
906 328
907 329
907 329
908 329
908 330
909 330
910 331
910 331
911 331
912 332
912 332
913 333
914 333
914 333
915 334
915 334
916 335
917 335
917 336
918 336
919 336
919 337
920 337
920 338
921 338
922 339
922 339
923 339
923 340
924 340
925 341
925 341
926 342
926 342
927 343
928 343
928 344
929 344
929 345
930 345
930 346
931 346
932 347
932 347
933 348
933 348
934 349
934 349
935 350
936 350
936 351
937 351
937 352
938 352
938 353
939 353
939 354
940 354
940 355
941 355
941 356
942 356
942 357
943 358
943 358
944 359
944 359
945 360
945 360
946 361
946 362
947 362
947 363
948 363
948 364
949 364
949 365
950 366
950 366
951 367
951 367
952 368
952 369
952 369
953 370
953 371
954 371
954 372
954 372
955 373
955 374
956 374
956 375
956 376
957 376
957 377
958 378
958 378
958 379
959 380
959 380
959 381
960 382
960 382
960 383
961 384
961 384
961 385
962 386
962 386
962 387
963 388
963 388
963 389
963 390
964 390
964 391
964 392
964 393
965 393
965 394
965 395
965 395
966 396
966 397
966 398
966 398
967 399
967 400
967 400
967 401
967 402
967 403
968 403
968 404
968 405
968 406
968 406
968 407
968 408
969 409
969 409
969 410
969 411
969 412
969 412
969 413
969 414
969 415
969 415
969 416
969 417
970 418
970 418
970 419
970 420
970 421
970 421
970 422
970 423
970 424
970 424
970 425
970 426
970 427
969 427
969 428
969 429
969 430
969 430
969 431
969 432
969 433
969 433
969 434
969 435
969 436
968 436
968 437
968 438
968 439
968 439
968 440
968 441
967 441
967 442
967 443
967 444
967 444
967 445
966 446
966 447
966 447
966 448
966 449
965 449
965 450
965 451
965 452
964 452
964 453
964 454
964 454
963 455
963 456
963 457
962 457
962 458
962 459
962 459
961 460
961 461
961 461
960 462
960 463
960 463
959 464
959 465
959 465
958 466
958 467
958 467
957 468
957 469
957 469
956 470
956 471
955 471
955 472
955 473
954 473
954 474
953 475
953 475
953 476
952 476
952 477
951 478
951 478
950 479
950 480
950 480
949 481
949 481
948 482
948 483
947 483
947 484
946 484
946 485
945 485
945 486
944 487
944 487
943 488
943 488
942 489
942 490
942 490
941 491
940 491
940 492
939 492
939 493
938 493
938 494
937 494
937 495
936 496
936 496
935 497
935 497
934 498
934 498
933 499
933 499
932 500
931 500
931 501
930 501
930 502
929 502
929 503
928 503
928 504
927 504
926 505
926 505
925 506
925 506
924 507
923 507
923 508
922 508
922 508
921 509
920 509
920 510
919 510
919 511
918 511
917 512
917 512
916 513
916 513
915 513
914 514
914 514
913 515
913 515
912 516
911 516
911 516
910 517
909 517
909 518
908 518
907 518
907 519
906 519
906 520
905 520
904 520
904 521
903 521
902 522
902 522
901 522
900 523
900 523
899 523
898 524
898 524
897 525
896 525
896 525
895 526
894 526
894 526
893 527
892 527
892 527
891 528
890 528
890 528
889 529
888 529
888 529
887 530
886 530
886 530
885 531
884 531
884 531
883 532
882 532
882 532
881 532
880 533
879 533
879 533
878 534
877 534
877 534
876 535
875 535
875 535
874 535
873 536
873 536
872 536
871 537
870 537
870 537
869 537
868 538
868 538
867 538
866 538
865 539
865 539
864 539
863 539
863 540
862 540
861 540
861 540
860 541
859 541
858 541
858 541
857 542
856 542
855 542
855 542
854 542
853 543
853 543
852 543
851 543
850 544
850 544
849 544
848 544
848 544
847 545
846 545
845 545
845 545
844 545
843 546
842 546
842 546
841 546
840 546
840 546
839 547
838 547
837 547
837 547
836 547
835 548
834 548
834 548
833 548
832 548
831 548
831 549
830 549
829 549
829 549
828 549
827 549
826 549
826 550
825 550
824 550
823 550
823 550
822 550
821 550
820 551
820 551
819 551
818 551
817 551
817 551
816 551
815 551
814 552
814 552
813 552
812 552
811 552
811 552
810 552
809 552
808 553
808 553
807 553
806 553
805 553
805 553
804 553
803 553
802 553
802 553
801 554
800 554
799 554
799 554
798 554
797 554
796 554
796 554
795 554
794 554
793 554
793 554
792 554
791 555
790 555
790 555
789 555
788 555
787 555
787 555
786 555
785 555
784 555
784 555
783 555
782 555
781 555
781 555
780 555
779 555
778 555
778 556
777 556
776 556
775 556
775 556
774 556
773 556
772 556
772 556
771 556
770 556
769 556
769 556
768 556
767 556
766 556
766 556
765 556
764 556
763 556
763 556
762 556
761 556
760 556
760 556
759 556
758 556
757 556
757 556
756 556
755 556
754 556
754 556
753 556
752 556
751 556
751 556
750 556
749 556
748 556
748 556
747 556
746 556
745 556
745 556
744 556
743 556
742 556
742 556
741 556
740 556
739 556
738 556
738 556
737 556
736 556
735 556
735 556
734 556
733 556
732 556
732 555
731 555
730 555
729 555
729 555
728 555
727 555
726 555
726 555
725 555
724 555
723 555
723 555
722 555
721 555
720 555
720 555
719 555
718 555
717 554
717 554
716 554
715 554
714 554
714 554
713 554
712 554
711 554
711 554
710 554
709 554
708 554
708 554
707 553
706 553
705 553
705 553
704 553
703 553
702 553
702 553
701 553
700 553
699 553
699 553
698 552
697 552
696 552
696 552
695 552
694 552
693 552
693 552
692 552
691 552
690 551
690 551
689 551
688 551
687 551
687 551
686 551
685 551
684 551
684 550
683 550
682 550
681 550
681 550
680 550
679 550
678 550
678 549
677 549
676 549
675 549
675 549
674 549
673 549
673 549
672 548
671 548
670 548
670 548
669 548
668 548
667 548
667 548
666 547
665 547
664 547
664 547
663 547
662 547
661 547
661 546
660 546
659 546
658 546
658 546
657 546
656 546
655 545
655 545
654 545
653 545
652 545
652 545
651 544
650 544
650 544
649 544
648 544
647 544
647 543
646 543
645 543
644 543
644 543
643 543
642 542
641 542
641 542
640 542
639 542
638 542
638 541
637 541
636 541
636 541
635 541
634 541
633 540
633 540
632 540
631 540
630 540
630 539
629 539
628 539
627 539
627 539
626 539
625 538
625 538
624 538
623 538
622 538
622 537
621 537
620 537
619 537
619 537
618 536
617 536
617 536
616 536
615 536
614 535
614 535
613 535
612 535
611 535
611 534
610 534
609 534
609 534
608 534
607 533
606 533
606 533
605 533
604 533
603 532
603 532
602 532
601 532
601 531
600 531
599 531
