32.07518409399215
1517
133 139
135 139
137 139
139 138
141 138
143 138
145 138
147 138
149 137
151 137
153 137
155 137
157 137
159 136
161 136
163 136
165 136
167 136
169 135
171 135
173 135
175 135
177 135
179 134
181 134
183 134
185 134
187 134
189 134
191 133
193 133
195 133
197 133
199 133
201 132
203 132
205 132
207 132
209 132
211 131
213 131
215 131
217 131
219 131
221 130
223 130
225 130
227 130
229 130
231 130
233 129
235 129
237 129
239 129
241 129
243 128
245 128
247 128
249 128
251 128
253 128
255 127
257 127
259 127
261 127
263 127
265 126
267 126
269 126
271 126
273 126
275 125
277 125
279 125
281 125
283 125
285 125
287 124
289 124
291 124
293 124
295 124
297 124
299 123
301 123
303 123
305 123
307 123
309 122
311 122
313 122
315 122
317 122
319 122
321 121
323 121
325 121
327 121
329 121
331 121
333 120
335 120
337 120
339 120
341 120
343 120
345 119
347 119
349 119
351 119
353 119
355 118
357 118
359 118
361 118
363 118
365 118
367 117
369 117
371 117
373 117
375 117
377 117
379 117
381 116
383 116
385 116
387 116
389 116
391 116
393 115
395 115
397 115
399 115
401 115
403 115
405 114
407 114
409 114
410 114
413 114
414 114
416 113
418 113
420 113
422 113
424 113
426 113
428 113
430 112
432 112
434 112
436 112
438 112
440 112
442 111
444 111
446 111
448 111
450 111
452 111
454 111
456 110
458 110
460 110
462 110
464 110
466 110
468 110
470 109
472 109
474 109
476 109
478 109
480 109
482 109
484 108
486 108
488 108
490 108
492 108
494 108
496 108
498 107
500 107
502 107
504 107
506 107
508 107
510 107
512 106
514 106
516 106
518 106
520 106
522 106
524 106
526 106
528 105
530 105
532 105
534 105
536 105
538 105
540 105
542 105
544 104
546 104
548 104
550 104
552 104
554 104
556 104
558 104
560 103
562 103
564 103
566 103
568 103
570 103
572 103
574 103
576 102
578 102
580 102
582 102
584 102
586 102
588 102
590 102
592 102
594 101
596 101
598 101
600 101
602 101
604 101
606 101
608 101
610 101
612 101
614 100
616 100
618 100
620 100
622 100
624 100
626 100
628 100
630 100
632 100
634 99
636 99
638 99
640 99
642 99
644 99
646 99
648 99
650 99
652 99
654 99
656 98
658 98
660 98
662 98
664 98
666 98
668 98
670 98
672 98
674 98
676 98
678 98
680 98
682 97
684 97
686 97
688 97
690 97
692 97
694 97
696 97
698 97
700 97
702 97
704 97
706 97
708 97
710 97
712 97
714 96
716 96
718 96
720 96
722 96
724 96
726 96
728 96
730 96
732 96
734 96
736 96
738 96
740 96
742 96
744 96
746 96
748 96
750 96
752 96
754 96
756 96
758 96
760 96
762 96
764 95
766 95
768 95
770 95
772 95
774 95
776 95
778 95
780 95
782 95
784 95
786 95
788 95
790 95
792 95
794 95
796 95
798 95
800 95
802 95
804 95
806 95
808 95
810 95
812 95
814 95
816 95
818 96
820 96
822 96
824 96
826 96
828 96
830 96
832 96
834 96
836 96
838 96
840 96
842 96
844 96
846 96
848 96
850 96
852 96
854 96
856 96
858 96
860 96
862 97
864 97
866 97
868 97
870 97
872 97
874 97
876 97
878 97
880 97
882 97
884 98
886 98
888 98
890 98
892 98
894 98
896 98
898 98
900 98
902 99
904 99
906 99
908 99
910 99
912 99
914 99
916 100
918 100
920 100
922 100
924 100
926 100
928 101
930 101
932 101
934 101
936 101
938 102
940 102
942 102
944 102
946 102
948 103
950 103
952 103
954 103
956 104
958 104
960 104
962 104
964 105
966 105
968 105
970 106
972 106
974 106
976 106
978 107
980 107
982 107
984 108
986 108
988 108
990 109
992 109
993 109
995 110
997 110
999 111
1001 111
1003 111
1005 112
1007 112
1009 113
1011 113
1013 114
1015 114
1017 115
1019 115
1021 116
1023 116
1025 117
1027 117
1028 118
1030 118
1032 119
1034 119
1036 120
1038 121
1040 121
1042 122
1044 122
1046 123
1048 124
1049 124
1051 125
1053 126
1055 127
1057 127
1059 128
1060 129
1062 130
1064 131
1066 131
1068 132
1070 133
1071 134
1073 135
1075 136
1077 137
1078 138
1080 139
1082 140
1083 141
1085 142
1087 143
1088 144
1090 146
1092 147
1093 148
1095 149
1096 151
1098 152
1099 153
1101 154
1102 156
1104 157
1105 159
1106 160
1108 162
1109 163
1110 165
1112 166
1113 168
1114 169
1115 171
1116 173
1117 174
1118 176
1119 178
1120 180
1121 181
1122 183
1123 185
1124 187
1125 189
1125 190
1126 192
1127 194
1127 196
1128 198
1129 200
1129 202
1130 204
1130 206
1131 208
1131 209
1132 211
1132 213
1133 215
1133 217
1133 219
1134 221
1134 223
1134 225
1135 227
1135 229
1135 231
1135 233
1136 235
1136 237
1136 239
1136 241
1136 243
1137 245
1137 247
1137 249
1137 251
1137 253
1137 255
1137 257
1138 259
1138 261
1138 263
1138 265
1138 267
1138 269
1138 271
1138 273
1138 275
1138 277
1138 279
1138 281
1139 283
1139 285
1139 287
1139 289
1139 291
1139 293
1139 295
1139 297
1139 299
1139 301
1139 303
1139 305
1139 307
1139 309
1140 311
1140 313
1140 315
1140 317
1140 319
1140 321
1140 323
1140 325
1141 327
1141 329
1141 331
1141 333
1141 335
1141 337
1141 339
1142 341
1142 343
1142 345
1142 347
1142 349
1143 351
1143 353
1143 355
1143 357
1144 359
1144 361
1144 363
1145 365
1145 366
1145 368
1145 370
1146 372
1146 374
1147 376
1147 378
1147 380
1148 382
1148 384
1148 386
1149 388
1149 390
1150 392
1150 394
1151 396
1151 398
1152 400
1152 402
1153 404
1153 406
1154 408
1154 409
1155 411
1155 413
1156 415
1156 417
1157 419
1157 421
1158 423
1158 425
1159 427
1159 429
1160 431
1160 433
1161 434
1162 436
1162 438
1163 440
1163 442
1164 444
1164 446
1165 448
1166 450
1166 452
1167 454
1167 456
1168 457
1168 459
1169 461
1170 463
1170 465
1171 467
1171 469
1172 471
1172 473
1173 475
1174 477
1174 478
1175 480
1175 482
1176 484
1176 486
1177 488
1177 490
1178 492
1178 494
1179 496
1179 498
1180 500
1180 502
1181 504
1181 505
1182 507
1182 509
1183 511
1183 513
1184 515
1184 517
1185 519
1185 521
1185 523
1186 525
1186 527
1187 529
1187 531
1187 533
1188 535
1188 537
1188 539
1188 541
1189 543
1189 545
1189 547
1190 549
1190 551
1190 553
1190 555
1190 557
1190 559
1191 561
1191 563
1191 565
1191 567
1191 569
1191 571
1191 573
1191 575
1191 577
1191 579
1191 581
1190 583
1190 585
1190 587
1190 589
1190 590
1189 592
1189 594
1189 596
1188 598
1188 600
1188 602
1187 604
1187 606
1186 608
1185 610
1185 612
1184 614
1184 616
1183 618
1182 619
1181 621
1180 623
1180 625
1179 627
1178 628
1177 630
1176 632
1175 634
1174 635
1173 637
1172 639
1170 640
1169 642
1168 643
1167 645
1165 646
1164 648
1163 649
1161 651
1160 652
1159 654
1157 655
1156 657
1154 658
1153 659
1151 660
1150 662
1148 663
1146 664
1145 665
1143 667
1142 668
1140 669
1138 670
1137 671
1135 672
1133 673
1132 674
1130 675
1128 676
1126 677
1125 678
1123 679
1121 680
1119 681
1117 682
1116 682
1114 683
1112 684
1110 685
1108 686
1106 687
1105 687
1103 688
1101 689
1099 689
1097 690
1095 691
1093 692
1092 692
1090 693
1088 693
1086 694
1084 695
1082 695
1080 696
1078 696
1076 697
1074 698
1072 698
1071 699
1069 699
1067 700
1065 700
1063 701
1061 701
1059 702
1057 702
1055 703
1053 703
1051 703
1049 704
1047 704
1045 705
1043 705
1041 706
1039 706
1037 706
1035 707
1034 707
1032 708
1030 708
1028 708
1026 709
1024 709
1022 709
1020 710
1018 710
1016 710
1014 711
1012 711
1010 711
1008 712
1006 712
1004 712
1002 712
1000 713
998 713
996 713
994 714
992 714
990 714
988 714
986 715
984 715
982 715
980 715
978 716
976 716
974 716
972 716
970 716
968 717
966 717
964 717
962 717
960 718
958 718
956 718
954 718
952 718
950 719
948 719
946 719
944 719
942 719
940 719
938 720
936 720
934 720
932 720
930 720
928 720
926 721
924 721
922 721
920 721
918 721
916 721
914 721
912 721
910 722
908 722
906 722
904 722
902 722
900 722
898 722
896 722
894 723
892 723
890 723
888 723
886 723
884 723
882 723
880 723
878 723
876 723
874 723
872 724
870 724
868 724
866 724
864 724
862 724
860 724
858 724
856 724
854 724
852 724
850 724
848 724
846 724
844 724
842 724
840 725
838 725
836 725
834 725
832 725
830 725
828 725
826 725
824 725
822 725
820 725
818 725
816 725
814 725
812 725
810 725
808 725
806 725
804 725
802 725
800 725
798 725
796 725
794 725
792 725
790 725
788 725
786 725
784 725
782 725
780 725
778 725
776 725
774 725
772 725
770 725
768 725
766 725
764 725
762 725
760 725
758 725
756 725
754 725
752 725
750 725
748 725
746 725
744 725
742 725
740 725
738 725
736 724
734 724
732 724
730 724
728 724
726 724
724 724
722 724
720 724
718 724
716 724
714 724
712 724
710 724
708 724
706 724
704 724
702 724
700 723
698 723
696 723
694 723
692 723
690 723
688 723
686 723
684 723
682 723
680 723
678 723
676 723
674 722
672 722
670 722
668 722
666 722
664 722
662 722
660 722
658 722
656 722
654 722
652 721
650 721
648 721
647 721
645 721
643 721
641 721
639 721
637 721
635 720
633 720
631 720
629 720
627 720
625 720
623 720
621 720
619 720
617 719
615 719
613 719
611 719
609 719
607 719
605 719
603 719
601 718
599 718
597 718
595 718
593 718
591 718
589 718
587 717
585 717
583 717
581 717
579 717
577 717
575 717
573 716
571 716
569 716
567 716
565 716
563 716
561 715
559 715
557 715
555 715
553 715
551 715
549 714
547 714
545 714
543 714
541 714
539 714
537 713
535 713
533 713
531 713
529 713
527 713
525 712
523 712
521 712
519 712
517 712
515 711
513 711
511 711
509 711
507 711
505 710
503 710
501 710
499 710
497 710
495 709
493 709
491 709
489 709
487 709
485 708
483 708
481 708
479 708
477 708
475 707
473 707
471 707
469 707
467 706
465 706
463 706
461 706
459 706
457 705
455 705
453 705
451 705
449 704
447 704
445 704
443 704
441 703
439 703
437 703
435 703
433 702
431 702
429 702
427 702
425 701
423 701
421 701
419 701
417 700
415 700
413 700
411 700
409 699
408 699
406 699
404 699
402 698
400 698
398 698
396 697
394 697
392 697
390 697
388 696
386 696
384 696
382 695
380 695
378 695
376 695
374 694
372 694
370 694
368 693
366 693
364 693
362 692
360 692
358 692
356 692
354 691
352 691
350 691
348 690
346 690
344 690
342 689
340 689
338 689
336 688
334 688
332 688
330 687
328 687
326 687
325 686
323 686
321 686
319 685
317 685
315 685
313 684
311 684
309 683
307 683
305 683
303 682
301 682
299 682
297 681
295 681
293 680
291 680
289 680
287 679
285 679
283 678
281 678
279 678
277 677
275 677
273 676
272 676
270 676
268 675
266 675
264 674
262 674
260 673
258 673
256 672
254 672
252 672
250 671
248 671
246 670
244 670
242 669
240 669
238 668
236 668
235 667
233 667
231 666
229 666
227 665
225 665
223 664
221 664
219 663
217 663
215 662
213 661
211 661
209 660
208 660
206 659
204 659
202 658
200 657
198 657
196 656
194 656
192 655
190 654
189 654
187 653
185 652
183 652
181 651
179 650
177 650
175 649
173 648
172 648
170 647
168 646
166 645
164 645
162 644
161 643
159 642
157 641
155 641
153 640
151 639
150 638
148 637
146 636
144 635
142 635
141 634
139 633
137 632
135 631
134 630
132 629
130 628
128 627
127 626
125 625
123 624
122 622
120 621
118 620
117 619
115 618
114 617
112 615
111 614
109 613
108 611
106 610
105 609
103 607
102 606
101 604
99 603
98 601
97 600
95 598
94 597
93 595
92 593
91 592
90 590
89 588
88 586
88 584
87 582
86 581
86 579
85 577
85 575
84 573
84 571
84 569
83 567
83 565
83 563
83 561
83 559
83 557
84 555
84 553
84 551
84 549
85 547
85 545
86 543
86 541
87 539
87 537
88 536
89 534
89 532
90 530
91 528
92 526
92 524
93 523
94 521
95 519
96 517
97 515
98 514
99 512
100 510
101 508
102 507
103 505
104 503
105 502
106 500
107 498
108 497
109 495
110 493
111 492
112 490
114 488
115 487
116 485
117 483
118 482
119 480
120 478
122 477
123 475
124 474
125 472
126 470
128 469
129 467
130 466
131 464
132 463
134 461
135 459
136 458
137 456
139 455
140 453
141 452
142 450
144 448
145 447
146 445
147 444
149 442
150 441
151 439
152 438
154 436
155 434
156 433
157 431
159 430
160 428
161 427
162 425
164 423
165 422
166 420
167 419
169 417
170 416
171 414
172 413
174 411
175 409
176 408
177 406
178 405
180 403
181 401
182 400
183 398
184 397
186 395
187 393
188 392
189 390
190 389
192 387
193 385
194 384
195 382
196 380
197 379
198 377
199 376
201 374
202 372
203 371
204 369
205 367
206 365
207 364
208 362
209 360
210 359
211 357
212 355
213 353
214 352
215 350
216 348
217 346
218 345
219 343
220 341
221 339
221 338
222 336
223 334
224 332
225 330
225 328
226 327
227 325
228 323
228 321
229 319
230 317
230 315
231 313
231 311
232 309
232 308
233 306
233 304
234 302
234 300
234 298
235 296
235 294
235 292
235 290
235 288
235 286
236 284
236 282
236 280
236 278
235 276
235 274
235 272
235 270
235 268
234 266
234 264
234 262
233 260
233 258
232 256
232 254
231 252
231 250
230 249
229 247
229 245
228 243
227 241
226 239
225 238
224 236
223 234
222 232
221 230
220 229
219 227
218 225
217 224
216 222
