1
4964
8 118
9 118
10 119
10 119
11 119
12 120
13 120
14 120
14 121
15 121
16 121
17 122
18 122
19 122
19 122
20 123
21 123
22 123
23 124
23 124
24 124
25 125
26 125
27 125
28 125
28 126
29 126
30 126
31 127
32 127
32 127
33 127
34 128
35 128
36 128
37 129
37 129
38 129
39 129
40 130
41 130
42 130
42 130
43 131
44 131
45 131
46 131
47 132
47 132
48 132
49 132
50 133
51 133
52 133
52 133
53 134
54 134
55 134
56 134
57 135
58 135
58 135
59 135
60 135
61 136
62 136
63 136
63 136
64 137
65 137
66 137
67 137
68 137
68 138
69 138
70 138
71 138
72 139
73 139
74 139
74 139
75 139
76 140
77 140
78 140
79 140
80 140
80 141
81 141
82 141
83 141
84 141
85 141
85 142
86 142
87 142
88 142
89 142
90 143
91 143
91 143
92 143
93 143
94 143
95 144
96 144
97 144
97 144
98 144
99 144
100 145
101 145
102 145
103 145
103 145
104 145
105 145
106 146
107 146
108 146
109 146
109 146
110 146
111 147
112 147
113 147
114 147
115 147
115 147
116 147
117 148
118 148
119 148
120 148
121 148
122 148
122 148
123 148
124 149
125 149
126 149
127 149
128 149
128 149
129 149
130 149
131 150
132 150
133 150
134 150
134 150
135 150
136 150
137 150
138 150
139 151
140 151
141 151
141 151
142 151
143 151
144 151
145 151
146 151
147 152
147 152
148 152
149 152
150 152
151 152
152 152
153 152
154 152
154 152
155 152
156 153
157 153
158 153
159 153
160 153
160 153
161 153
162 153
163 153
164 153
165 153
166 153
167 154
167 154
168 154
169 154
170 154
171 154
172 154
173 154
174 154
174 154
175 154
176 154
177 154
178 154
179 155
180 155
180 155
181 155
182 155
183 155
184 155
185 155
186 155
187 155
187 155
188 155
189 155
190 155
191 155
192 155
193 155
194 156
194 156
195 156
196 156
197 156
198 156
199 156
200 156
201 156
201 156
202 156
203 156
204 156
205 156
206 156
207 156
207 156
208 156
209 156
210 156
211 156
212 156
213 156
214 156
214 156
215 157
216 157
217 157
218 157
219 157
220 157
221 157
221 157
222 157
223 157
224 157
225 157
226 157
227 157
228 157
228 157
229 157
230 157
231 157
232 157
233 157
234 157
235 157
235 157
236 157
237 157
238 157
239 157
240 157
241 157
242 157
242 157
243 157
244 157
245 157
246 157
247 157
248 157
248 157
249 157
250 157
251 157
252 157
253 157
254 157
255 157
255 157
256 157
257 157
258 157
259 157
260 157
261 157
262 157
262 157
263 157
264 157
265 157
266 157
267 157
268 157
269 157
269 157
270 157
271 157
272 157
273 157
274 157
275 157
276 157
276 157
277 157
278 157
279 157
280 157
281 157
282 157
283 157
283 157
284 157
285 157
286 157
287 157
288 157
289 157
290 157
290 157
291 157
292 157
293 157
294 157
295 156
296 156
297 156
297 156
298 156
299 156
300 156
301 156
302 156
303 156
303 156
304 156
305 156
306 156
307 156
308 156
309 156
310 156
310 156
311 156
312 156
313 156
314 156
315 156
316 156
317 156
317 156
318 156
319 156
320 155
321 155
322 155
323 155
324 155
324 155
325 155
326 155
327 155
328 155
329 155
330 155
331 155
331 155
332 155
333 155
334 155
335 155
336 155
337 155
337 155
338 155
339 154
340 154
341 154
342 154
343 154
344 154
345 154
345 154
346 154
347 154
348 154
349 154
350 154
351 154
351 154
352 154
353 154
354 154
355 153
356 153
357 153
358 153
358 153
359 153
360 153
361 153
362 153
363 153
364 153
364 153
365 153
366 153
367 153
368 153
369 152
370 152
371 152
371 152
372 152
373 152
374 152
375 152
376 152
377 152
378 152
378 152
379 152
380 152
381 152
382 151
383 151
384 151
385 151
385 151
386 151
387 151
388 151
389 151
390 151
391 151
392 151
392 151
393 151
394 150
395 150
396 150
397 150
398 150
398 150
399 150
400 150
401 150
402 150
403 150
404 150
405 149
405 149
406 149
407 149
408 149
409 149
410 149
411 149
411 149
412 149
413 149
414 149
415 149
416 148
417 148
418 148
418 148
419 148
420 148
421 148
422 148
423 148
424 148
425 148
425 147
426 147
427 147
428 147
429 147
430 147
431 147
432 147
432 147
433 147
434 147
435 147
436 146
437 146
438 146
438 146
439 146
440 146
441 146
442 146
443 146
444 146
445 146
445 145
446 145
447 145
448 145
449 145
450 145
451 145
451 145
452 145
453 145
454 144
455 144
456 144
457 144
458 144
458 144
459 144
460 144
461 144
462 144
463 144
464 143
464 143
465 143
466 143
467 143
468 143
469 143
470 143
471 143
471 143
472 142
473 142
474 142
475 142
476 142
477 142
477 142
478 142
479 142
480 142
481 141
482 141
483 141
484 141
484 141
485 141
486 141
487 141
488 141
489 140
490 140
490 140
491 140
492 140
493 140
494 140
495 140
496 140
497 140
497 139
498 139
499 139
500 139
501 139
502 139
503 139
503 139
504 139
505 138
506 138
507 138
508 138
509 138
510 138
510 138
511 138
512 138
513 137
514 137
515 137
516 137
516 137
517 137
518 137
519 137
520 137
521 137
522 136
523 136
523 136
524 136
525 136
526 136
527 136
528 136
529 135
529 135
530 135
531 135
532 135
533 135
534 135
535 135
536 135
536 134
537 134
538 134
539 134
540 134
541 134
542 134
542 134
543 134
544 133
545 133
546 133
547 133
548 133
549 133
549 133
550 133
551 133
552 132
553 132
554 132
555 132
555 132
556 132
557 132
558 132
559 131
560 131
561 131
562 131
562 131
563 131
564 131
565 131
566 131
567 130
568 130
568 130
569 130
570 130
571 130
572 130
573 130
574 129
575 129
575 129
576 129
577 129
578 129
579 129
580 129
581 129
581 128
582 128
583 128
584 128
585 128
586 128
587 128
588 128
588 127
589 127
590 127
591 127
592 127
593 127
594 127
594 127
595 126
596 126
597 126
598 126
599 126
600 126
600 126
601 126
602 126
603 125
604 125
605 125
606 125
606 125
607 125
608 125
609 125
610 124
611 124
612 124
613 124
613 124
614 124
615 124
616 124
617 123
618 123
619 123
619 123
620 123
621 123
622 123
623 123
624 122
625 122
625 122
626 122
627 122
628 122
629 122
630 122
631 121
632 121
632 121
633 121
634 121
635 121
636 121
637 121
638 120
638 120
639 120
640 120
641 120
642 120
643 120
644 120
645 119
645 119
646 119
647 119
648 119
649 119
650 119
651 119
651 119
652 118
653 118
654 118
655 118
656 118
657 118
658 118
658 118
659 117
660 117
661 117
662 117
663 117
664 117
664 117
665 117
666 116
667 116
668 116
669 116
670 116
670 116
671 116
672 116
673 115
674 115
675 115
676 115
676 115
677 115
678 115
679 115
680 114
681 114
682 114
683 114
683 114
684 114
685 114
686 114
687 113
688 113
689 113
689 113
690 113
691 113
692 113
693 113
694 112
695 112
696 112
696 112
697 112
698 112
699 112
700 112
701 111
702 111
702 111
703 111
704 111
705 111
706 111
707 111
708 111
708 110
709 110
710 110
711 110
712 110
713 110
714 110
715 110
715 109
716 109
717 109
718 109
719 109
720 109
721 109
721 109
722 108
723 108
724 108
725 108
726 108
727 108
728 108
728 108
729 108
730 107
731 107
732 107
733 107
734 107
734 107
735 107
736 107
737 106
738 106
739 106
740 106
740 106
741 106
742 106
743 106
744 106
745 105
746 105
747 105
747 105
748 105
749 105
750 105
751 105
752 104
753 104
753 104
754 104
755 104
756 104
757 104
758 104
759 104
760 103
760 103
761 103
762 103
763 103
764 103
765 103
766 103
766 102
767 102
768 102
769 102
770 102
771 102
772 102
773 102
773 102
774 101
775 101
776 101
777 101
778 101
779 101
779 101
780 101
781 101
782 100
783 100
784 100
785 100
786 100
786 100
787 100
788 100
789 100
790 99
791 99
792 99
792 99
793 99
794 99
795 99
796 99
797 99
798 99
799 98
799 98
800 98
801 98
802 98
803 98
804 98
805 98
805 98
806 97
807 97
808 97
809 97
810 97
811 97
812 97
812 97
813 97
814 97
815 96
816 96
817 96
818 96
818 96
819 96
820 96
821 96
822 96
823 95
824 95
824 95
825 95
826 95
827 95
828 95
829 95
830 95
831 95
831 95
832 94
833 94
834 94
835 94
836 94
837 94
838 94
838 94
839 94
840 94
841 93
842 93
843 93
844 93
844 93
845 93
846 93
847 93
848 93
849 93
850 93
851 92
851 92
852 92
853 92
854 92
855 92
856 92
857 92
857 92
858 92
859 92
860 91
861 91
862 91
863 91
864 91
864 91
865 91
866 91
867 91
868 91
869 91
870 91
871 90
871 90
872 90
873 90
874 90
875 90
876 90
877 90
877 90
878 90
879 90
880 90
881 89
882 89
883 89
884 89
884 89
885 89
886 89
887 89
888 89
889 89
890 89
890 89
891 89
892 88
893 88
894 88
895 88
896 88
897 88
897 88
898 88
899 88
900 88
901 88
902 88
903 88
904 88
904 88
905 87
906 87
907 87
908 87
909 87
910 87
911 87
911 87
912 87
913 87
914 87
915 87
916 87
917 87
917 87
918 87
919 86
920 86
921 86
922 86
923 86
924 86
924 86
925 86
926 86
927 86
928 86
929 86
930 86
931 86
931 86
932 86
933 86
934 86
935 86
936 86
937 85
937 85
938 85
939 85
940 85
941 85
942 85
943 85
944 85
944 85
945 85
946 85
947 85
948 85
949 85
950 85
951 85
951 85
952 85
953 85
954 85
955 85
956 85
957 85
958 85
958 85
959 85
960 85
961 85
962 84
963 84
964 84
965 84
965 84
966 84
967 84
968 84
969 84
970 84
971 84
971 84
972 84
973 84
974 84
975 84
976 84
977 84
978 84
978 84
979 84
980 84
981 84
982 84
983 84
984 84
985 84
985 84
986 84
987 84
988 84
989 84
990 84
991 84
992 84
992 84
993 84
994 84
995 84
996 84
997 84
998 84
999 84
999 84
1000 84
1001 84
1002 84
1003 84
1004 84
1005 84
1005 84
1006 84
1007 84
1008 84
1009 84
1010 84
1011 84
1012 85
1012 85
1013 85
1014 85
1015 85
1016 85
1017 85
1018 85
1019 85
1019 85
1020 85
1021 85
1022 85
1023 85
1024 85
1025 85
1026 85
1026 85
1027 85
1028 85
1029 85
1030 85
1031 85
1032 86
1032 86
1033 86
1034 86
1035 86
1036 86
1037 86
1038 86
1039 86
1039 86
1040 86
1041 86
1042 86
1043 86
1044 86
1045 87
1046 87
1046 87
1047 87
1048 87
1049 87
1050 87
1051 87
1052 87
1052 87
1053 87
1054 88
1055 88
1056 88
1057 88
1058 88
1059 88
1059 88
1060 88
1061 88
1062 88
1063 89
1064 89
1065 89
1065 89
1066 89
1067 89
1068 89
1069 89
1070 90
1071 90
1071 90
1072 90
1073 90
1074 90
1075 90
1076 91
1077 91
1077 91
1078 91
1079 91
1080 91
1081 91
1082 92
1083 92
1083 92
1084 92
1085 92
1086 92
1087 93
1088 93
1089 93
1089 93
1090 93
1091 94
1092 94
1093 94
1094 94
1095 94
1095 94
1096 95
1097 95
1098 95
1099 95
1100 95
1100 96
1101 96
1102 96
1103 96
1104 97
1105 97
1106 97
1106 97
1107 97
1108 98
1109 98
1110 98
1111 98
1111 99
1112 99
1113 99
1114 99
1115 100
1116 100
1116 100
1117 100
1118 101
1119 101
1120 101
1121 102
1121 102
1122 102
1123 102
1124 103
1125 103
1125 103
1126 104
1127 104
1128 104
1129 105
1130 105
1130 105
1131 106
1132 106
1133 106
1134 107
1134 107
1135 107
1136 108
1137 108
1138 108
1138 109
1139 109
1140 109
1141 110
1142 110
1142 110
1143 111
1144 111
1145 112
1145 112
1146 112
1147 113
1148 113
1149 114
1149 114
1150 114
1151 115
1152 115
1152 116
1153 116
1154 117
1155 117
1155 117
1156 118
1157 118
1158 119
1158 119
1159 120
1160 120
1160 121
1161 121
1162 122
1163 122
1163 123
1164 123
1165 124
1165 124
1166 125
1167 125
1168 126
1168 126
1169 127
1170 127
1170 128
1171 128
1172 129
1172 129
1173 130
1174 131
1174 131
1175 132
1176 132
1176 133
1177 133
1178 134
1178 135
1179 135
1180 136
1180 136
1181 137
1181 138
1182 138
1183 139
1183 140
1184 140
1184 141
1185 141
1186 142
1186 143
1187 143
1187 144
1188 145
1188 145
1189 146
1190 147
1190 147
1191 148
1191 149
1192 149
1192 150
1193 151
1193 151
1194 152
1194 153
1195 154
1195 154
1196 155
1196 156
1197 156
1197 157
1198 158
1198 158
1199 159
1199 160
1200 161
1200 161
1201 162
1201 163
1202 164
1202 164
1203 165
1203 166
1204 167
1204 167
1204 168
1205 169
1205 170
1206 170
1206 171
1206 172
1207 173
1207 174
1208 174
1208 175
1208 176
1209 177
1209 177
1210 178
1210 179
1210 180
1211 181
1211 181
1211 182
1212 183
1212 184
1212 185
1213 185
1213 186
1213 187
1214 188
1214 189
1214 189
1215 190
1215 191
1215 192
1216 193
1216 193
1216 194
1216 195
1217 196
1217 197
1217 198
1218 198
1218 199
1218 200
1218 201
1219 202
1219 203
1219 203
1219 204
1220 205
1220 206
1220 207
1220 208
1220 208
1221 209
1221 210
1221 211
1221 212
1222 213
1222 214
1222 214
1222 215
1222 216
1223 217
1223 218
1223 219
1223 219
1223 220
1223 221
1224 222
1224 223
1224 224
1224 225
1224 225
1224 226
1225 227
1225 228
1225 229
1225 230
1225 231
1225 231
1225 232
1226 233
1226 234
1226 235
1226 236
1226 237
1226 238
1226 238
1226 239
1226 240
1227 241
1227 242
1227 243
1227 244
1227 244
1227 245
1227 246
1227 247
1227 248
1227 249
1227 250
1227 250
1228 251
1228 252
1228 253
1228 254
1228 255
1228 256
1228 257
1228 257
1228 258
1228 259
1228 260
1228 261
1228 262
1228 263
1228 264
1228 264
1228 265
1228 266
1228 267
1228 268
1228 269
1228 270
1228 270
1228 271
1228 272
1228 273
1228 274
1228 275
1228 276
1228 277
1228 277
1228 278
1228 279
1228 280
1228 281
1228 282
1228 283
1228 284
1228 284
1228 285
1228 286
1228 287
1228 288
1228 289
1228 290
1228 291
1228 291
1228 292
1228 293
1228 294
1228 295
1228 296
1227 297
1227 297
1227 298
1227 299
1227 300
1227 301
1227 302
1227 303
1227 304
1227 304
1227 305
1227 306
1227 307
1226 308
1226 309
1226 310
1226 310
1226 311
1226 312
1226 313
1226 314
1226 315
1226 316
1226 317
1225 317
1225 318
1225 319
1225 320
1225 321
1225 322
1225 323
1225 323
1224 324
1224 325
1224 326
1224 327
1224 328
1224 329
1224 329
1224 330
1223 331
1223 332
1223 333
1223 334
1223 335
1223 335
1223 336
1222 337
1222 338
1222 339
1222 340
1222 341
1222 341
1221 342
1221 343
1221 344
1221 345
1221 346
1221 347
1220 347
1220 348
1220 349
1220 350
1220 351
1220 352
1219 353
1219 353
1219 354
1219 355
1219 356
1218 357
1218 358
1218 359
1218 359
1218 360
1217 361
1217 362
1217 363
1217 364
1217 364
1216 365
1216 366
1216 367
1216 368
1216 369
1215 370
1215 370
1215 371
1215 372
1214 373
1214 374
1214 375
1214 375
1214 376
1213 377
1213 378
1213 379
1213 380
1212 380
1212 381
1212 382
1212 383
1211 384
1211 385
1211 385
1211 386
1210 387
1210 388
1210 389
1210 390
1209 390
1209 391
1209 392
1209 393
1208 394
1208 395
1208 395
1208 396
1207 397
1207 398
1207 399
1207 400
1206 400
1206 401
1206 402
1205 403
1205 404
1205 405
1205 405
1204 406
1204 407
1204 408
1203 409
1203 409
1203 410
1203 411
1202 412
1202 413
1202 414
1201 414
1201 415
1201 416
1201 417
1200 418
1200 418
1200 419
1199 420
1199 421
1199 422
1198 423
1198 423
1198 424
1197 425
1197 426
1197 427
1196 427
1196 428
1196 429
1195 430
1195 431
1195 431
1195 432
1194 433
1194 434
1194 435
1193 435
1193 436
1192 437
1192 438
1192 439
1191 439
1191 440
1191 441
1190 442
1190 443
1190 443
1189 444
1189 445
1189 446
1188 447
1188 447
1188 448
1187 449
1187 450
1187 451
1186 451
1186 452
1185 453
1185 454
1185 455
1184 455
1184 456
1184 457
1183 458
1183 459
1182 459
1182 460
1182 461
1181 462
1181 462
1181 463
1180 464
1180 465
1179 466
1179 466
1179 467
1178 468
1178 469
1177 469
1177 470
1177 471
1176 472
1176 473
1175 473
1175 474
1175 475
1174 476
1174 476
1173 477
1173 478
1173 479
1172 479
1172 480
1171 481
1171 482
1170 482
1170 483
1170 484
1169 485
1169 486
1168 486
1168 487
1167 488
1167 489
1167 489
1166 490
1166 491
1165 492
1165 492
1164 493
1164 494
1163 495
1163 495
1163 496
1162 497
1162 498
1161 498
1161 499
1160 500
1160 501
1159 501
1159 502
1158 503
1158 503
1157 504
1157 505
1157 506
1156 506
1156 507
1155 508
1155 509
1154 509
1154 510
1153 511
1153 511
1152 512
1152 513
1151 514
1151 514
1150 515
1150 516
1149 517
1149 517
1148 518
1148 519
1147 519
1147 520
1146 521
1146 522
1145 522
1145 523
1144 524
1144 524
1143 525
1143 526
1142 526
1142 527
1141 528
1141 529
1140 529
1140 530
1139 531
1139 531
1138 532
1138 533
1137 533
1137 534
1136 535
1135 536
1135 536
1134 537
1134 538
1133 538
1133 539
1132 540
1132 540
1131 541
1131 542
1130 542
1129 543
1129 544
1128 544
1128 545
1127 546
1127 546
1126 547
1126 548
1125 548
1124 549
1124 550
1123 550
1123 551
1122 552
1122 552
1121 553
1120 554
1120 554
1119 555
1119 556
1118 556
1118 557
1117 558
1116 558
1116 559
1115 560
1115 560
1114 561
1113 561
1113 562
1112 563
1112 563
1111 564
1111 565
1110 565
1109 566
1109 567
1108 567
1108 568
1107 568
1106 569
1106 570
1105 570
1104 571
1104 572
1103 572
1103 573
1102 573
1101 574
1101 575
1100 575
1100 576
1099 576
1098 577
1098 578
1097 578
1096 579
1096 579
1095 580
1095 581
1094 581
1093 582
1093 582
1092 583
1091 584
1091 584
1090 585
1089 585
1089 586
1088 587
1087 587
1087 588
1086 588
1086 589
1085 589
1084 590
1084 591
1083 591
1082 592
1082 592
1081 593
1080 593
1080 594
1079 595
1078 595
1078 596
1077 596
1076 597
1076 597
1075 598
1074 599
1074 599
1073 600
1072 600
1072 601
1071 601
1070 602
1070 602
1069 603
1068 603
1068 604
1067 605
1066 605
1066 606
1065 606
1064 607
1063 607
1063 608
1062 608
1061 609
1061 609
1060 610
1059 610
1059 611
1058 611
1057 612
1057 612
1056 613
1055 613
1054 614
1054 614
1053 615
1052 615
1052 616
1051 617
1050 617
1049 618
1049 618
1048 619
1047 619
1047 620
1046 620
1045 620
1044 621
1044 621
1043 622
1042 622
1042 623
1041 623
1040 624
1039 624
1039 625
1038 625
1037 626
1037 626
1036 627
1035 627
1034 628
1034 628
1033 629
1032 629
1031 630
1031 630
1030 631
1029 631
1028 631
1028 632
1027 632
1026 633
1025 633
1025 634
1024 634
1023 635
1022 635
1022 636
1021 636
1020 636
1019 637
1019 637
1018 638
1017 638
1016 639
1016 639
1015 640
1014 640
1013 640
1013 641
1012 641
1011 642
1010 642
1010 643
1009 643
1008 643
1007 644
1007 644
1006 645
1005 645
1004 645
1004 646
1003 646
1002 647
1001 647
1000 648
1000 648
999 648
998 649
997 649
997 650
996 650
995 650
994 651
994 651
993 652
992 652
991 652
990 653
990 653
989 653
988 654
987 654
987 655
986 655
985 655
984 656
983 656
983 657
982 657
981 657
980 658
979 658
979 658
978 659
977 659
976 659
976 660
975 660
974 661
973 661
972 661
972 662
971 662
970 662
969 663
968 663
968 663
967 664
966 664
965 664
964 665
964 665
963 665
962 666
961 666
960 666
960 667
959 667
958 667
957 668
956 668
956 668
955 669
954 669
953 669
952 670
952 670
951 670
950 671
949 671
948 671
947 672
947 672
946 672
945 673
944 673
943 673
943 674
942 674
941 674
940 675
939 675
939 675
938 675
937 676
936 676
935 676
934 677
934 677
933 677
932 678
931 678
930 678
929 678
929 679
928 679
927 679
926 680
925 680
925 680
924 680
923 681
922 681
921 681
920 681
920 682
919 682
918 682
917 683
916 683
915 683
915 683
914 684
913 684
912 684
911 684
910 685
910 685
909 685
908 686
907 686
906 686
906 686
905 687
904 687
903 687
902 687
901 688
901 688
900 688
899 688
898 689
897 689
896 689
895 689
895 689
894 690
893 690
892 690
891 690
890 691
890 691
889 691
888 691
887 692
886 692
885 692
885 692
884 693
883 693
882 693
881 693
880 693
880 694
879 694
878 694
877 694
876 695
875 695
874 695
874 695
873 695
872 696
871 696
870 696
869 696
869 696
868 697
867 697
866 697
865 697
864 697
863 698
863 698
862 698
861 698
860 698
859 699
858 699
858 699
857 699
856 699
855 700
854 700
853 700
852 700
852 700
851 701
850 701
849 701
848 701
847 701
846 701
846 702
845 702
844 702
843 702
842 702
841 703
841 703
840 703
839 703
838 703
837 703
836 704
835 704
835 704
834 704
833 704
832 704
831 705
830 705
829 705
829 705
828 705
827 705
826 706
825 706
824 706
823 706
823 706
822 706
821 706
820 707
819 707
818 707
817 707
817 707
816 707
815 708
814 708
813 708
812 708
811 708
811 708
810 708
809 709
808 709
807 709
806 709
805 709
805 709
804 709
803 709
802 710
801 710
800 710
799 710
798 710
798 710
797 710
796 711
795 711
794 711
793 711
792 711
792 711
791 711
790 711
789 711
788 712
787 712
786 712
786 712
785 712
784 712
783 712
782 712
781 713
780 713
779 713
779 713
778 713
777 713
776 713
775 713
774 713
773 713
773 714
772 714
771 714
770 714
769 714
768 714
767 714
767 714
766 714
765 714
764 715
763 715
762 715
761 715
760 715
760 715
759 715
758 715
757 715
756 715
755 715
754 716
754 716
753 716
752 716
751 716
750 716
749 716
748 716
747 716
747 716
746 716
745 716
744 717
743 717
742 717
741 717
741 717
740 717
739 717
738 717
737 717
736 717
735 717
734 717
734 717
733 717
732 717
731 718
730 718
729 718
728 718
727 718
727 718
726 718
725 718
724 718
723 718
722 718
721 718
721 718
720 718
719 718
718 718
717 718
716 718
715 719
714 719
714 719
713 719
712 719
711 719
710 719
709 719
708 719
707 719
707 719
706 719
705 719
704 719
703 719
702 719
701 719
701 719
700 719
699 719
698 719
697 719
696 719
695 719
694 719
694 719
693 719
692 720
691 720
690 720
689 720
688 720
687 720
687 720
686 720
685 720
684 720
683 720
682 720
681 720
681 720
680 720
679 720
678 720
677 720
676 720
675 720
674 720
674 720
673 720
672 720
671 720
670 720
669 720
668 720
667 720
667 720
666 720
665 720
664 720
663 720
662 720
661 720
660 720
660 720
659 720
658 720
657 720
656 720
655 720
654 720
653 720
653 720
652 720
651 720
650 720
649 720
648 720
647 720
647 720
646 720
645 720
644 720
643 720
642 720
641 720
640 720
640 720
639 720
638 720
637 720
636 720
635 720
634 720
633 720
633 720
632 719
631 719
630 719
629 719
628 719
627 719
627 719
626 719
625 719
624 719
623 719
622 719
621 719
620 719
620 719
619 719
618 719
617 719
616 719
615 719
614 719
613 719
613 719
612 719
611 719
610 719
609 719
608 718
607 718
606 718
606 718
605 718
604 718
603 718
602 718
601 718
600 718
599 718
599 718
598 718
597 718
596 718
595 718
594 718
593 718
593 718
592 717
591 717
590 717
589 717
588 717
587 717
586 717
586 717
585 717
584 717
583 717
582 717
581 717
580 717
579 717
579 716
578 716
577 716
576 716
575 716
574 716
573 716
572 716
572 716
571 716
570 716
569 716
568 716
567 715
566 715
566 715
565 715
564 715
563 715
562 715
561 715
560 715
559 715
559 715
558 715
557 714
556 714
555 714
554 714
553 714
552 714
552 714
551 714
550 714
549 714
548 713
547 713
546 713
546 713
545 713
544 713
543 713
542 713
541 713
540 713
539 712
539 712
538 712
537 712
536 712
535 712
534 712
533 712
533 712
532 711
531 711
530 711
529 711
528 711
527 711
526 711
526 711
525 711
524 710
523 710
522 710
521 710
520 710
520 710
519 710
518 710
517 709
516 709
515 709
514 709
514 709
513 709
512 709
511 709
510 708
509 708
508 708
507 708
507 708
506 708
505 708
504 707
503 707
502 707
501 707
501 707
500 707
499 707
498 707
497 706
496 706
495 706
495 706
494 706
493 706
492 705
491 705
490 705
489 705
489 705
488 705
487 705
486 704
485 704
484 704
483 704
483 704
482 704
481 704
480 703
479 703
478 703
477 703
477 703
476 703
475 702
474 702
473 702
472 702
471 702
471 702
470 701
469 701
468 701
467 701
466 701
465 701
465 700
464 700
463 700
462 700
461 700
460 700
459 699
459 699
458 699
457 699
456 699
455 698
454 698
454 698
453 698
452 698
451 698
450 697
449 697
448 697
448 697
447 697
446 696
445 696
444 696
443 696
442 696
442 696
441 695
440 695
439 695
438 695
437 695
437 694
436 694
435 694
434 694
433 694
432 693
431 693
431 693
430 693
429 693
428 692
427 692
426 692
426 692
425 692
424 691
423 691
422 691
421 691
420 690
420 690
419 690
418 690
417 690
416 689
415 689
415 689
414 689
413 689
412 688
411 688
410 688
409 688
409 687
408 687
407 687
406 687
405 687
404 686
404 686
403 686
402 686
401 685
400 685
399 685
399 685
398 684
397 684
396 684
395 684
394 684
394 683
393 683
392 683
391 683
390 682
389 682
388 682
388 682
387 681
386 681
385 681
384 681
383 680
383 680
382 680
381 680
380 679
379 679
378 679
378 679
377 678
376 678
375 678
374 678
373 677
373 677
372 677
371 677
370 676
369 676
368 676
368 675
367 675
366 675
365 675
364 674
364 674
363 674
362 674
361 673
360 673
359 673
359 673
358 672
357 672
356 672
355 671
354 671
354 671
353 671
352 670
351 670
350 670
349 669
349 669
348 669
347 669
346 668
345 668
345 668
344 667
343 667
342 667
341 667
340 666
340 666
339 666
338 665
337 665
336 665
336 664
335 664
334 664
333 663
332 663
331 663
331 663
330 662
329 662
328 662
327 661
327 661
326 661
325 660
324 660
323 660
323 659
322 659
321 659
320 658
319 658
318 658
318 657
317 657
316 657
315 656
314 656
314 656
313 655
312 655
311 655
310 654
310 654
309 654
308 653
307 653
306 653
306 652
305 652
304 652
303 651
302 651
302 651
301 650
300 650
299 650
298 649
298 649
297 649
296 648
295 648
294 647
294 647
293 647
292 646
291 646
291 646
290 645
289 645
288 645
287 644
287 644
286 643
285 643
284 643
283 642
283 642
282 642
281 641
280 641
280 640
279 640
278 640
277 639
276 639
276 638
275 638
274 638
273 637
273 637
272 636
271 636
270 636
269 635
269 635
268 634
267 634
266 634
266 633
265 633
264 632
263 632
263 632
262 631
261 631
260 630
259 630
259 629
258 629
257 629
256 628
256 628
255 627
254 627
253 626
253 626
252 626
251 625
250 625
250 624
249 624
248 623
247 623
247 622
246 622
245 622
244 621
244 621
243 620
242 620
241 619
241 619
240 618
239 618
239 617
238 617
237 616
236 616
236 616
235 615
234 615
233 614
233 614
232 613
231 613
231 612
230 612
229 611
228 611
228 610
227 610
226 609
226 609
225 608
224 608
223 607
223 607
222 606
221 606
221 605
220 605
219 604
218 604
218 603
217 603
216 602
216 601
215 601
214 600
214 600
213 599
212 599
212 598
211 598
210 597
210 597
209 596
208 596
208 595
207 594
206 594
206 593
205 593
204 592
204 592
203 591
202 590
202 590
201 589
200 589
200 588
199 588
198 587
198 586
197 586
196 585
196 585
195 584
194 583
194 583
193 582
193 582
192 581
191 580
191 580
190 579
190 579
189 578
188 577
188 577
187 576
187 575
186 575
185 574
185 574
184 573
184 572
183 572
182 571
182 570
181 570
181 569
180 568
180 568
179 567
178 566
178 566
177 565
177 564
176 564
176 563
175 562
175 562
174 561
174 560
173 560
172 559
172 558
171 557
171 557
170 556
170 555
169 555
169 554
168 553
168 552
167 552
167 551
166 550
166 550
166 549
165 548
165 547
164 547
164 546
163 545
163 544
162 544
162 543
161 542
161 541
161 541
160 540
160 539
159 538
159 538
159 537
158 536
158 535
157 534
157 534
157 533
156 532
156 531
156 530
155 530
155 529
155 528
154 527
154 526
154 526
153 525
153 524
153 523
152 522
152 522
152 521
151 520
151 519
151 518
151 517
150 517
150 516
150 515
150 514
149 513
149 512
149 512
149 511
148 510
148 509
148 508
148 507
148 507
147 506
147 505
147 504
147 503
147 502
147 501
147 501
146 500
146 499
146 498
146 497
146 496
146 495
146 495
146 494
145 493
145 492
145 491
145 490
145 489
145 488
145 488
145 487
145 486
145 485
145 484
145 483
145 482
145 482
145 481
145 480
145 479
145 478
145 477
145 476
145 475
145 475
145 474
145 473
145 472
145 471
145 470
145 469
145 468
145 468
145 467
145 466
146 465
146 464
146 463
146 462
146 462
146 461
146 460
146 459
146 458
147 457
147 456
147 456
147 455
147 454
147 453
147 452
148 451
148 450
148 450
148 449
148 448
148 447
149 446
149 445
149 444
149 444
149 443
150 442
150 441
150 440
150 439
150 439
151 438
151 437
151 436
151 435
152 434
152 434
152 433
152 432
153 431
153 430
153 429
153 429
154 428
154 427
154 426
155 425
155 424
155 424
155 423
156 422
156 421
156 420
157 420
157 419
157 418
158 417
158 416
158 415
159 415
159 414
159 413
160 412
160 411
160 411
161 410
161 409
161 408
162 407
162 407
162 406
163 405
163 404
163 404
164 403
164 402
165 401
165 400
165 400
166 399
166 398
166 397
167 396
167 396
168 395
168 394
168 393
169 393
169 392
170 391
170 390
171 390
171 389
171 388
172 387
172 387
173 386
173 385
174 384
174 383
174 383
175 382
175 381
176 380
176 380
177 379
177 378
178 378
178 377
178 376
179 375
179 375
180 374
180 373
181 372
181 372
182 371
182 370
183 369
183 369
184 368
184 367
185 367
185 366
186 365
186 364
187 364
187 363
188 362
188 362
189 361
189 360
190 359
190 359
191 358
191 357
192 357
192 356
193 355
193 354
194 354
194 353
195 352
195 352
196 351
196 350
197 350
197 349
198 348
199 348
199 347
200 346
200 346
201 345
201 344
202 343
202 343
203 342
203 341
204 341
205 340
205 339
206 339
206 338
207 337
207 337
208 336
208 335
209 335
210 334
210 333
211 333
211 332
212 332
212 331
213 330
214 330
214 329
215 328
215 328
216 327
217 326
217 326
218 325
218 324
219 324
220 323
220 323
221 322
221 321
222 321
223 320
223 319
224 319
224 318
225 317
226 317
226 316
227 316
227 315
228 314
229 314
229 313
230 313
230 312
231 311
232 311
232 310
233 309
234 309
234 308
235 308
235 307
236 306
237 306
237 305
238 305
239 304
239 303
240 303
241 302
241 302
242 301
242 301
243 300
244 299
244 299
245 298
246 298
246 297
247 296
248 296
248 295
249 295
250 294
250 294
251 293
252 292
252 292
253 291
254 291
254 290
255 290
256 289
256 288
257 288
258 287
258 287
259 286
260 286
260 285
261 285
262 284
262 283
263 283
264 282
264 282
265 281
266 281
266 280
267 280
268 279
268 279
269 278
270 278
270 277
271 276
272 276
273 275
273 275
274 274
275 274
275 273
276 273
277 272
277 272
278 271
279 271
279 270
280 270
281 269
282 269
282 268
283 268
284 267
284 267
285 266
286 266
287 265
287 265
288 264
289 264
289 263
290 263
291 262
292 262
292 261
293 261
294 260
294 260
295 259
296 259
297 258
297 258
298 257
299 257
299 256
300 256
301 255
302 255
302 254
303 254
304 253
305 253
305 252
306 252
307 251
308 251
308 250
309 250
310 250
310 249
311 249
312 248
313 248
313 247
314 247
315 246
316 246
316 245
317 245
318 245
319 244
319 244
320 243
321 243
322 242
322 242
323 241
324 241
325 241
325 240
326 240
327 239
328 239
328 238
329 238
330 238
331 237
331 237
332 236
333 236
334 235
334 235
335 235
336 234
337 234
338 233
338 233
339 232
340 232
341 232
341 231
342 231
343 230
344 230
344 230
345 229
346 229
347 228
348 228
348 228
349 227
350 227
351 226
351 226
352 226
353 225
354 225
355 225
355 224
356 224
357 223
358 223
358 223
359 222
360 222
361 221
362 221
362 221
363 220
364 220
365 220
366 219
366 219
367 219
368 218
369 218
370 217
370 217
371 217
372 216
373 216
374 216
374 215
375 215
376 215
377 214
377 214
378 214
379 213
380 213
381 212
381 212
382 212
383 211
384 211
385 211
385 210
386 210
387 210
388 209
389 209
390 209
390 208
391 208
392 208
393 207
394 207
394 207
395 207
396 206
397 206
398 206
398 205
399 205
400 205
401 204
402 204
403 204
403 203
404 203
405 203
406 202
407 202
407 202
408 202
409 201
410 201
411 201
412 200
412 200
413 200
414 199
415 199
416 199
416 199
417 198
418 198
419 198
420 197
421 197
421 197
422 197
423 196
424 196
425 196
425 196
426 195
427 195
428 195
429 194
430 194
430 194
431 194
432 193
433 193
434 193
435 193
435 192
436 192
437 192
438 192
439 191
440 191
440 191
441 191
442 190
443 190
444 190
445 190
445 189
446 189
447 189
448 189
449 188
450 188
450 188
451 188
452 187
453 187
454 187
455 187
455 187
456 186
457 186
458 186
459 186
460 185
461 185
461 185
462 185
463 185
464 184
465 184
466 184
466 184
467 184
468 183
469 183
470 183
471 183
471 183
472 182
473 182
474 182
475 182
476 182
477 181
477 181
478 181
479 181
480 181
481 180
482 180
483 180
483 180
484 180
485 179
486 179
487 179
488 179
489 179
489 179
490 178
491 178
492 178
493 178
494 178
495 178
495 177
496 177
497 177
498 177
499 177
500 177
501 177
501 176
502 176
503 176
504 176
505 176
506 176
507 175
507 175
508 175
509 175
510 175
511 175
512 175
513 175
513 174
514 174
515 174
516 174
517 174
518 174
519 174
519 173
520 173
521 173
522 173
523 173
524 173
525 173
525 173
526 173
527 172
528 172
529 172
530 172
531 172
532 172
532 172
533 172
534 172
535 172
536 171
537 171
538 171
538 171
539 171
540 171
541 171
542 171
543 171
544 171
545 171
545 171
546 170
547 170
548 170
549 170
550 170
551 170
551 170
552 170
553 170
554 170
555 170
556 170
557 170
558 170
558 170
559 170
560 170
561 169
562 169
563 169
564 169
565 169
565 169
566 169
567 169
568 169
569 169
570 169
571 169
572 169
572 169
573 169
574 169
575 169
576 169
577 169
578 169
578 169
579 169
580 169
581 169
582 169
583 169
584 169
585 169
585 169
586 169
587 169
588 169
589 169
590 169
591 169
592 169
592 169
593 169
594 169
595 169
596 169
597 169
598 169
599 169
599 169
600 169
601 169
602 169
603 169
604 169
605 169
605 169
606 169
607 170
608 170
609 170
610 170
611 170
612 170
612 170
613 170
614 170
615 170
616 170
617 170
618 170
619 170
619 170
620 170
621 171
622 171
623 171
624 171
625 171
625 171
626 171
627 171
628 171
629 171
630 171
631 172
631 172
632 172
633 172
634 172
635 172
636 172
637 172
638 173
638 173
639 173
640 173
641 173
642 173
643 173
644 173
644 174
645 174
646 174
647 174
648 174
649 174
650 174
650 175
651 175
652 175
653 175
654 175
655 175
656 176
656 176
657 176
658 176
659 176
660 176
661 177
662 177
662 177
663 177
664 177
665 178
666 178
667 178
667 178
668 178
669 179
670 179
671 179
672 179
673 179
673 180
674 180
675 180
676 180
677 181
678 181
678 181
679 181
680 181
681 182
682 182
683 182
683 182
684 183
685 183
686 183
687 183
688 184
688 184
689 184
690 185
691 185
692 185
693 185
693 186
694 186
695 186
696 187
697 187
698 187
698 187
699 188
700 188
701 188
702 189
702 189
703 189
704 190
705 190
706 190
706 191
707 191
708 191
709 192
710 192
710 192
711 193
712 193
713 193
714 194
714 194
715 194
716 195
717 195
718 195
718 196
719 196
720 196
721 197
722 197
722 198
723 198
724 198
725 199
725 199
726 200
727 200
728 200
729 201
729 201
730 202
731 202
732 202
732 203
733 203
734 204
735 204
735 205
736 205
737 205
738 206
738 206
739 207
740 207
741 208
741 208
742 209
743 209
744 209
744 210
745 210
746 211
747 211
747 212
748 212
749 213
749 213
750 214
751 214
752 215
752 215
753 216
754 216
754 217
755 217
756 218
757 218
757 219
758 219
759 220
759 220
760 221
761 222
761 222
762 223
763 223
763 224
764 224
765 225
765 225
766 226
767 226
767 227
768 228
769 228
769 229
770 229
771 230
771 230
772 231
773 232
773 232
774 233
775 233
775 234
776 235
777 235
777 236
778 236
778 237
779 238
780 238
780 239
781 239
782 240
782 241
783 241
783 242
784 242
785 243
785 244
786 244
786 245
787 246
788 246
788 247
789 248
789 248
790 249
791 250
791 250
792 251
792 251
793 252
793 253
794 253
795 254
795 255
796 255
796 256
797 257
797 257
798 258
798 259
799 259
800 260
800 261
801 262
801 262
802 263
802 264
803 264
803 265
804 266
804 266
805 267
805 268
806 268
806 269
807 270
807 271
808 271
808 272
809 273
809 273
810 274
810 275
811 276
811 276
812 277
812 278
813 278
813 279
814 280
814 281
815 281
815 282
816 283
816 284
817 284
817 285
818 286
818 286
819 287
819 288
819 289
820 289
820 290
821 291
821 292
822 292
822 293
823 294
823 295
823 295
824 296
824 297
825 298
825 299
826 299
826 300
826 301
827 302
827 302
828 303
828 304
828 305
829 305
829 306
830 307
830 308
830 308
831 309
831 310
832 311
832 312
832 312
833 313
833 314
834 315
834 316
834 316
835 317
835 318
835 319
836 319
836 320
836 321
837 322
837 323
838 323
838 324
838 325
839 326
839 327
839 327
840 328
840 329
840 330
841 331
841 331
841 332
842 333
842 334
842 335
843 336
843 336
843 337
844 338
844 339
844 340
844 340
845 341
845 342
845 343
846 344
846 344
846 345
847 346
847 347
847 348
847 349
848 349
848 350
848 351
848 352
849 353
849 354
849 354
850 355
850 356
850 357
850 358
851 358
851 359
851 360
851 361
852 362
852 363
852 363
852 364
853 365
853 366
853 367
853 368
854 369
854 369
854 370
854 371
854 372
855 373
855 374
855 374
855 375
856 376
856 377
856 378
856 379
856 380
857 380
857 381
857 382
857 383
857 384
858 385
858 385
858 386
858 387
858 388
859 389
859 390
859 391
859 391
859 392
859 393
860 394
860 395
860 396
860 397
860 397
860 398
861 399
861 400
861 401
861 402
861 403
861 403
861 404
862 405
862 406
862 407
862 408
862 409
862 409
862 410
863 411
863 412
863 413
863 414
863 415
863 415
863 416
863 417
863 418
864 419
864 420
864 421
864 421
864 422
864 423
864 424
864 425
864 426
864 427
864 428
865 428
865 429
865 430
865 431
865 432
865 433
865 434
865 434
865 435
865 436
865 437
865 438
865 439
865 440
865 441
866 441
866 442
866 443
866 444
866 445
866 446
866 447
866 448
866 448
866 449
866 450
866 451
866 452
866 453
866 454
866 455
866 455
866 456
866 457
866 458
866 459
866 460
866 461
866 461
866 462
866 463
866 464
866 465
866 466
866 467
866 468
866 468
866 469
866 470
866 471
866 472
866 473
866 474
866 475
865 475
865 476
865 477
865 478
865 479
865 480
865 481
865 481
865 482
865 483
865 484
865 485
865 486
865 487
865 488
864 488
864 489
864 490
864 491
864 492
864 493
864 494
864 494
864 495
864 496
863 497
863 498
863 499
863 500
863 501
863 501
863 502
863 503
862 504
862 505
862 506
862 507
862 507
862 508
862 509
861 510
861 511
861 512
861 513
861 513
861 514
860 515
860 516
860 517
860 518
860 518
860 519
859 520
859 521
859 522
859 523
859 524
858 524
858 525
858 526
858 527
857 528
857 529
857 529
857 530
857 531
856 532
856 533
856 534
856 535
855 535
855 536
855 537
855 538
854 539
854 540
854 540
854 541
853 542
853 543
853 544
852 544
852 545
852 546
852 547
851 548
851 549
851 549
850 550
850 551
850 552
849 553
849 553
849 554
848 555
848 556
848 557
847 557
847 558
847 559
846 560
846 561
846 561
845 562
845 563
845 564
844 565
844 565
843 566
843 567
843 568
842 568
842 569
841 570
841 571
841 572
840 572
840 573
839 574
839 575
838 575
838 576
838 577
837 578
837 578
836 579
836 580
835 581
835 581
834 582
834 583
834 584
833 584
833 585
832 586
832 586
831 587
831 588
830 589
830 589
829 590
829 591
828 591
827 592
827 593
826 593
826 594
825 595
825 596
824 596
824 597
823 598
823 598
822 599
821 600
821 600
820 601
820 601
819 602
819 603
818 603
817 604
817 605
816 605
816 606
815 606
814 607
814 608
813 608
812 609
812 610
811 610
811 611
810 611
809 612
809 612
808 613
807 614
807 614
806 615
805 615
805 616
804 616
803 617
802 617
802 618
801 618
800 619
800 619
799 620
798 620
798 621
797 621
796 622
795 622
795 623
794 623
793 624
792 624
792 625
791 625
790 626
789 626
789 626
788 627
787 627
786 628
786 628
785 628
784 629
783 629
782 630
782 630
781 630
780 631
779 631
779 631
778 632
777 632
776 632
775 633
775 633
774 633
773 634
772 634
771 634
770 635
770 635
769 635
768 635
767 636
766 636
765 636
765 637
764 637
763 637
762 637
761 637
760 638
760 638
759 638
758 638
757 639
756 639
755 639
755 639
754 639
753 639
752 640
751 640
750 640
749 640
749 640
748 640
747 640
746 641
745 641
744 641
743 641
742 641
742 641
741 641
740 641
739 641
738 641
737 642
736 642
736 642
735 642
734 642
733 642
732 642
731 642
730 642
729 642
729 642
728 642
727 642
726 642
725 642
724 642
723 642
723 642
722 642
721 642
720 642
719 642
718 642
717 642
716 642
716 642
715 642
714 642
713 641
712 641
711 641
710 641
709 641
709 641
708 641
707 641
706 641
705 641
704 641
703 640
703 640
702 640
701 640
700 640
699 640
698 640
697 640
697 639
696 639
695 639
694 639
693 639
692 639
691 638
691 638
690 638
689 638
688 638
687 638
686 637
685 637
685 637
684 637
683 637
682 636
681 636
680 636
679 636
679 636
678 635
677 635
676 635
675 635
674 634
674 634
673 634
672 634
671 634
670 633
669 633
669 633
668 633
667 632
666 632
665 632
664 631
664 631
663 631
662 631
661 630
660 630
659 630
659 630
658 629
657 629
656 629
655 628
655 628
654 628
653 627
652 627
651 627
650 627
650 626
649 626
648 626
647 625
646 625
646 625
645 624
644 624
643 624
642 623
642 623
641 623
640 622
639 622
638 622
638 621
637 621
636 621
635 620
634 620
634 620
633 619
632 619
631 618
630 618
630 618
629 617
628 617
627 617
626 616
626 616
625 616
624 615
623 615
622 614
622 614
621 614
620 613
619 613
619 612
618 612
617 612
616 611
615 611
615 611
614 610
613 610
612 609
612 609
611 608
610 608
609 608
609 607
608 607
607 606
606 606
605 606
605 605
604 605
603 604
602 604
602 603
601 603
600 603
599 602
599 602
598 601
597 601
596 600
596 600
595 600
594 599
593 599
593 598
592 598
591 597
590 597
590 597
589 596
588 596
587 595
587 595
586 594
585 594
584 593
584 593
583 592
582 592
581 592
581 591
580 591
579 590
578 590
578 589
577 589
576 588
575 588
575 587
574 587
573 586
572 586
572 585
571 585
570 584
570 584
569 583
568 583
567 583
567 582
566 582
565 581
564 581
564 580
563 580
562 579
562 579
561 578
560 578
559 577
559 577
558 576
557 576
557 575
556 575
555 574
554 574
554 573
553 573
552 572
552 572
551 571
550 571
549 570
549 570
548 569
547 569
547 568
546 568
545 567
544 567
544 566
543 565
542 565
542 564
541 564
540 563
540 563
539 562
538 562
537 561
537 561
536 560
535 560
535 559
534 559
533 558
533 558
532 557
531 557
531 556
530 556
529 555
528 554
528 554
527 553
526 553
526 552
525 552
524 551
524 551
523 550
522 550
522 549
521 549
520 548
519 547
519 547
518 546
517 546
517 545
516 545
515 544
515 544
514 543
513 542
513 542
512 541
511 541
511 540
510 540
509 539
509 539
508 538
507 538
507 537
506 536
505 536
505 535
504 535
503 534
503 534
502 533
501 532
501 532
500 531
499 531
499 530
498 530
497 529
497 529
