1
1550
10 126
1 126
2 126
3 126
5 127
6 127
7 127
8 127
9 127
10 127
11 127
12 128
13 128
14 128
15 128
16 128
17 128
19 129
20 129
21 129
22 129
24 130
25 131
26 131
27 131
28 131
29 131
30 131
31 131
32 131
33 131
34 132
35 132
36 132
37 132
38 132
39 132
40 132
41 132
42 132
43 132
45 133
46 133
47 134
48 134
49 134
50 134
51 134
52 134
53 134
54 134
55 134
56 134
57 134
58 134
59 134
60 134
61 134
62 134
63 134
64 135
66 136
67 136
68 136
69 136
70 136
71 136
73 137
74 137
75 137
76 138
77 138
78 138
79 139
80 139
81 139
82 140
82 141
83 142
84 142
85 143
87 144
88 144
88 145
89 146
91 147
92 148
92 149
93 149
94 149
95 150
97 151
98 152
99 154
100 154
101 155
102 156
104 157
105 158
107 159
108 159
109 160
110 161
111 161
111 162
112 163
112 164
113 165
114 165
115 166
116 167
117 168
118 169
118 170
119 171
120 172
121 172
122 173
122 174
123 174
124 175
125 176
126 177
127 178
127 179
128 180
129 180
129 181
130 182
131 182
131 183
132 184
133 185
134 185
134 187
136 187
136 188
137 189
138 190
139 190
139 191
140 192
142 193
142 194
143 195
144 196
145 197
146 197
146 198
147 199
147 200
148 200
148 201
149 202
150 203
150 204
151 205
152 206
153 207
153 208
154 209
154 210
155 211
155 212
156 213
157 214
158 215
159 216
159 217
160 219
161 220
162 220
162 221
162 222
162 223
162 224
163 226
164 228
164 229
165 230
166 232
166 233
166 234
167 236
168 237
168 238
168 239
169 240
171 241
172 242
172 243
173 244
174 245
175 246
175 247
175 248
176 249
177 250
177 251
177 252
177 253
177 254
177 255
178 256
179 257
179 258
179 259
179 260
180 262
180 263
180 264
181 265
182 266
182 267
182 268
182 269
183 270
184 271
184 272
185 273
185 274
185 275
186 276
186 277
187 279
188 281
189 281
190 282
190 283
191 285
192 286
193 288
194 289
195 291
195 292
195 293
196 295
197 296
197 297
197 298
197 299
197 300
198 302
199 302
199 303
199 304
199 305
199 306
199 307
199 308
199 309
199 310
200 311
200 312
200 313
200 314
200 315
200 316
200 317
200 318
200 319
200 320
200 321
200 322
200 323
200 324
200 325
200 326
200 327
200 328
200 329
201 331
201 332
202 333
202 334
203 335
204 336
204 337
204 338
204 339
205 340
206 341
206 342
206 343
207 343
208 345
209 346
209 347
210 348
210 349
210 350
211 352
211 353
212 355
213 356
214 357
214 358
214 359
215 360
215 361
215 362
216 363
216 365
217 366
218 366
218 367
218 368
218 369
218 370
219 371
220 372
220 373
220 374
221 375
222 377
223 378
223 379
224 380
224 381
225 383
226 384
226 385
227 386
228 387
228 388
228 389
229 390
229 391
230 392
230 393
231 393
231 394
232 395
233 396
233 397
234 398
236 399
236 400
237 401
238 402
239 403
239 404
239 405
240 407
240 408
240 409
242 410
243 411
243 412
244 413
244 414
244 415
245 416
245 417
245 418
246 419
246 420
247 421
248 422
249 423
249 424
249 425
250 426
251 427
251 428
252 428
253 429
253 430
254 430
255 431
255 433
256 434
257 434
258 435
258 436
258 437
260 438
261 439
262 440
263 441
265 442
266 444
267 445
268 446
269 447
270 447
270 448
271 449
272 450
273 451
274 452
275 453
276 454
276 455
277 456
278 457
278 458
279 459
280 460
281 460
281 462
282 463
283 464
284 465
286 466
286 467
287 468
287 469
288 469
288 471
289 472
290 472
290 473
290 474
291 475
292 476
293 477
294 478
295 479
296 480
297 481
298 482
298 483
299 484
300 485
301 486
301 487
302 487
302 488
303 490
304 491
305 491
305 493
306 493
307 494
308 496
309 497
310 498
311 499
312 500
312 501
313 501
314 501
314 503
315 504
316 505
317 505
317 506
318 507
319 508
320 508
321 509
322 510
323 511
324 511
324 512
325 513
326 514
327 515
328 516
329 517
330 518
331 519
332 519
333 520
334 521
335 522
336 523
337 524
338 525
339 525
339 526
340 527
341 528
342 528
343 529
343 530
344 531
345 532
346 533
347 534
348 534
348 535
349 536
350 537
351 537
352 538
353 539
354 540
355 541
356 542
357 542
358 544
359 544
359 545
360 546
362 547
363 548
364 549
365 549
366 551
367 551
368 552
369 553
370 554
371 554
371 555
372 556
373 557
375 558
376 559
377 560
378 560
379 562
380 563
381 564
382 565
383 566
384 567
386 568
386 569
388 570
389 571
389 572
390 573
391 573
392 574
392 575
393 575
394 576
394 577
396 577
397 578
398 579
400 580
401 582
402 582
402 583
404 584
404 585
405 586
406 587
407 587
408 588
409 589
410 589
410 590
411 591
412 592
413 592
414 593
414 594
415 595
416 596
417 596
418 597
419 598
420 599
421 600
422 601
423 601
424 602
425 603
426 603
427 603
428 604
429 605
429 606
430 607
432 607
433 607
433 608
434 610
435 610
436 611
437 612
438 613
438 614
439 615
440 616
441 617
442 618
443 618
444 619
445 619
446 620
448 621
449 621
449 622
450 622
451 623
452 624
453 624
454 624
455 625
455 626
456 626
457 627
458 628
459 629
460 629
461 630
461 631
462 632
463 633
464 634
465 635
466 636
467 636
468 637
469 638
470 639
471 639
472 640
473 640
474 640
475 641
476 641
477 641
478 642
479 642
480 642
482 643
483 644
483 645
484 645
485 645
486 646
488 647
489 647
491 648
492 649
493 650
494 650
495 651
496 652
497 652
498 652
499 652
500 652
501 652
502 653
502 654
504 655
505 655
506 656
507 656
508 656
509 657
510 657
511 657
513 658
514 659
515 659
516 660
517 660
518 661
519 662
521 663
522 663
523 663
523 664
524 664
525 664
527 664
528 665
529 666
531 667
532 667
533 668
534 669
535 669
536 669
537 670
537 671
538 671
539 671
541 672
542 673
543 673
544 673
545 673
546 673
547 673
548 674
549 675
550 676
551 676
553 676
553 677
555 678
556 678
557 678
558 678
559 678
561 679
562 680
563 681
564 681
566 682
567 683
568 683
569 683
571 684
572 684
573 685
574 685
575 685
576 686
577 686
578 687
579 688
580 688
581 688
582 689
583 689
584 689
585 689
586 689
587 690
588 691
589 691
590 691
592 692
593 692
594 692
595 692
596 692
597 692
599 693
600 694
601 694
602 694
603 694
604 694
605 694
606 694
607 694
608 694
609 694
610 694
611 695
612 696
613 696
614 696
616 697
617 697
618 697
619 697
620 697
621 697
622 697
623 697
624 697
625 697
627 698
628 699
629 699
630 699
631 700
632 701
633 701
634 701
635 701
636 701
637 701
638 701
639 701
640 701
641 701
642 701
643 701
644 701
645 701
646 701
647 701
648 701
649 701
650 701
651 701
652 701
653 701
654 702
655 703
656 703
657 703
658 703
659 703
660 703
661 703
662 703
663 703
664 703
665 703
666 703
667 703
668 703
670 704
672 705
673 706
674 706
675 706
676 706
677 706
678 706
680 707
681 707
682 707
683 707
684 707
685 707
686 707
687 707
688 707
689 707
690 707
691 707
692 707
693 707
694 707
695 707
696 707
697 707
698 707
699 707
700 707
701 707
702 707
703 707
704 707
705 707
706 707
707 707
708 707
709 707
710 707
711 707
713 706
714 706
715 706
716 705
717 704
718 704
718 703
719 703
720 703
721 703
722 703
723 703
724 702
725 701
726 701
727 701
728 701
729 701
730 701
731 701
732 701
733 701
734 701
735 701
736 701
737 701
738 701
739 701
740 701
741 701
742 701
743 701
744 701
745 700
746 700
747 700
748 699
749 699
750 699
751 699
752 699
752 698
753 698
754 698
755 698
756 698
757 698
758 697
759 696
760 696
761 696
762 696
763 696
764 696
765 695
766 695
767 694
768 694
769 694
770 694
771 694
772 694
773 694
774 693
774 692
775 692
776 691
777 690
777 689
778 689
779 689
780 689
781 689
782 689
783 689
784 689
784 688
785 688
786 688
787 688
788 688
788 687
789 686
790 686
792 685
792 684
793 683
794 683
795 682
796 682
797 682
798 682
799 681
800 681
802 680
803 679
803 678
804 678
805 677
806 677
807 677
808 676
809 675
810 674
811 673
810 673
809 673
806 672
805 672
804 672
802 672
801 672
800 672
799 671
799 670
800 670
802 670
803 670
806 671
807 672
808 672
809 672
810 672
812 673
813 673
814 673
815 673
816 673
817 673
818 673
819 673
820 673
821 673
822 673
823 673
824 673
825 673
826 673
827 673
828 673
829 673
830 673
831 673
831 672
832 672
833 671
834 671
835 670
836 669
837 669
838 669
839 669
840 669
841 669
842 669
843 669
844 669
845 669
846 669
847 669
848 669
849 669
850 668
851 667
852 667
853 667
854 667
855 666
856 665
857 665
857 664
858 664
859 663
860 662
861 662
862 661
863 661
864 661
865 660
866 660
866 659
867 659
868 659
869 659
869 658
870 657
871 657
872 657
873 657
874 656
875 656
875 655
876 655
877 655
878 655
879 655
880 654
881 654
882 654
883 653
884 652
885 652
885 651
886 651
887 650
888 650
888 649
889 648
890 648
891 648
892 647
893 646
894 646
894 645
895 645
896 644
897 644
898 643
899 642
900 641
901 641
902 640
902 639
903 639
904 639
905 639
906 638
907 637
908 637
909 637
910 637
910 636
911 636
912 635
913 635
914 634
915 633
916 633
917 633
917 632
918 631
919 630
920 629
921 628
922 627
923 627
924 626
924 625
925 625
926 624
927 623
928 623
929 622
930 621
931 620
932 620
933 620
934 619
935 618
936 618
936 617
937 617
937 616
938 616
939 616
939 615
940 615
941 615
942 615
942 614
943 613
944 613
945 613
946 612
946 611
947 611
948 610
949 609
950 608
951 608
952 607
952 606
953 606
954 606
955 605
956 604
957 603
957 602
958 601
959 601
960 601
961 600
962 599
963 599
963 598
964 598
965 598
966 597
966 596
967 596
968 595
969 594
970 593
971 593
972 592
973 592
973 591
974 591
975 591
975 590
976 589
977 589
977 588
978 587
979 586
980 586
980 585
981 584
982 584
983 584
983 583
984 583
985 583
986 582
987 581
988 580
988 579
988 578
989 577
990 577
991 577
992 577
993 577
994 577
995 576
996 575
997 575
998 575
999 574
1000 574
1001 574
1002 573
1003 572
1004 572
1005 572
1006 572
1007 571
1008 570
1009 570
1009 569
1010 569
1011 568
1012 567
1013 566
1014 566
1014 565
1015 564
1016 563
1017 563
1018 562
1019 561
1019 560
1020 560
1021 560
1022 559
1023 558
1024 558
1024 557
1025 557
1026 557
1027 556
1027 555
1028 555
1028 554
1029 554
1029 553
1030 553
1031 553
1032 552
1033 552
1033 551
1034 551
1035 550
1036 549
1037 548
1038 547
1038 546
1039 546
1040 545
1041 544
1042 543
1043 542
1044 541
1045 540
1046 539
1047 538
1048 537
1049 536
1050 535
1051 535
1052 534
1053 534
1054 533
1054 532
1055 532
1056 531
1057 530
1057 529
1058 529
1059 529
1060 529
1061 528
1062 527
1063 527
1064 526
1065 525
1065 524
1066 523
1066 522
1067 522
1068 521
1068 520
1068 519
1068 518
1069 518
1070 517
1070 516
1071 516
1071 515
1071 514
1071 513
1072 513
1072 512
1072 511
1072 510
1073 510
1074 509
1075 509
1076 508
1076 507
1076 506
1077 504
1078 504
1078 503
1078 502
1079 502
1080 501
1080 500
1081 499
1081 498
1082 497
1082 496
1082 495
1083 494
1084 493
1084 492
1085 491
1086 490
1087 490
1087 489
1087 488
1087 487
1088 487
1089 486
1089 485
1089 484
1089 483
1089 482
1089 481
1089 480
1090 479
1091 478
1091 477
1092 476
1092 475
1093 474
1094 473
1094 472
1095 471
1096 470
1097 469
1097 468
1097 467
1098 466
1098 465
1099 465
1099 464
1099 463
1099 462
1099 461
1099 460
1100 460
1100 459
1101 459
1101 458
1102 457
1102 456
1102 455
1102 454
1103 453
1103 452
1103 451
1103 450
1103 449
1103 448
1103 447
1103 446
1103 445
1103 444
1104 444
1105 443
1105 442
1105 441
1105 440
1105 439
1105 438
1105 437
1106 436
1106 435
1106 434
1106 433
1106 432
1106 431
1106 430
1106 429
1106 428
1106 427
1106 426
1106 425
1106 424
1106 423
1106 422
1106 421
1106 420
1106 419
1106 418
1106 417
1106 416
1106 415
1106 414
1106 413
1105 412
1105 411
1105 410
1104 408
1104 407
1103 405
1103 404
1103 403
1103 402
1103 401
1103 400
1102 400
1102 399
1102 398
1102 397
1102 396
1101 395
1100 394
1099 394
1098 393
1098 392
1098 391
1098 390
1098 389
1097 389
1097 388
1097 387
1097 386
1096 385
1095 384
1095 383
1095 382
1095 381
1095 380
1095 379
1094 377
1094 376
1094 375
1093 373
1093 372
1092 372
1092 371
1092 370
1091 369
1090 368
1090 367
1089 367
1089 366
1088 366
1087 368
1087 369
1087 370
1087 371
1087 372
1087 373
1087 374
1088 376
1089 378
1090 379
1092 380
1093 381
1094 380
1094 379
1094 378
1094 377
1094 376
1094 375
1094 374
1094 373
1093 371
1093 370
1093 369
1092 367
1092 366
1091 365
1091 364
1090 362
1090 361
1090 360
1089 359
1088 358
1088 357
1088 356
1087 354
1087 353
1087 352
1087 351
1087 350
1086 349
1086 348
1086 347
1086 346
1085 345
1085 344
1084 343
1084 342
1083 342
1083 341
1082 340
1081 339
1081 338
1081 337
1080 336
1078 335
1078 334
1077 333
1077 332
1077 331
1077 330
1077 329
1077 328
1077 327
1076 326
1075 325
1075 324
1074 323
1074 322
1073 321
1072 320
1071 319
1070 318
1069 317
1069 316
1068 315
1067 313
1067 312
1067 311
1066 309
1065 309
1065 308
1064 307
1063 306
1063 305
1063 304
1063 303
1062 302
1061 301
1060 300
1060 299
1059 298
1059 297
1058 295
1057 295
1057 294
1056 292
1055 291
1054 290
1054 289
1053 288
1052 287
1052 286
1052 285
1051 284
1050 283
1049 283
1049 282
1049 281
1048 280
1047 280
1046 279
1046 278
1046 277
1046 276
1045 275
1044 275
1043 274
1042 273
1042 272
1042 271
1040 271
1040 270
1039 269
