1
2522
0 180
2 179
3 179
5 178
6 178
8 177
9 176
11 176
13 175
14 175
16 174
17 173
19 173
20 172
22 172
24 171
25 170
27 170
28 169
30 169
31 168
33 167
35 167
36 166
38 166
39 165
41 164
42 164
44 163
46 163
47 162
49 162
50 161
52 160
54 160
55 159
57 159
58 158
60 158
61 157
63 156
65 156
66 155
68 155
69 154
71 154
73 153
74 153
76 152
77 151
79 151
80 150
82 150
84 149
85 149
87 148
88 148
90 147
92 146
93 146
95 145
96 145
98 144
100 144
101 143
103 143
104 142
106 142
108 141
109 141
111 140
112 140
114 139
116 139
117 138
119 137
120 137
122 136
124 136
125 135
127 135
128 134
130 134
132 133
133 133
135 132
136 132
138 131
140 131
141 130
143 130
144 129
146 129
148 128
149 128
151 127
152 127
154 126
156 126
157 125
159 125
160 124
162 124
164 123
165 123
167 123
169 122
170 122
172 121
173 121
175 120
177 120
178 119
180 119
181 118
183 118
185 117
186 117
188 116
190 116
191 116
193 115
194 115
196 114
198 114
199 113
201 113
202 112
204 112
206 111
207 111
209 111
211 110
212 110
214 109
215 109
217 108
219 108
220 108
222 107
224 107
225 106
227 106
228 105
230 105
232 105
233 104
235 104
237 103
238 103
240 102
241 102
243 102
245 101
246 101
248 100
250 100
251 100
253 99
255 99
256 98
258 98
259 98
261 97
263 97
264 96
266 96
268 96
269 95
271 95
273 95
274 94
276 94
277 93
279 93
281 93
282 92
284 92
286 92
287 91
289 91
291 90
292 90
294 90
295 89
297 89
299 89
300 88
302 88
304 88
305 87
307 87
309 87
310 86
312 86
314 86
315 85
317 85
318 85
320 84
322 84
323 84
325 83
327 83
328 83
330 82
332 82
333 82
335 81
337 81
338 81
340 80
342 80
343 80
345 79
347 79
348 79
350 78
351 78
353 78
355 78
356 77
358 77
360 77
361 76
363 76
365 76
366 75
368 75
370 75
371 75
373 74
375 74
376 74
378 73
380 73
381 73
383 73
385 72
386 72
388 72
390 72
391 71
393 71
395 71
396 71
398 70
400 70
401 70
403 70
405 69
406 69
408 69
410 69
411 68
413 68
414 68
416 68
418 67
419 67
421 67
423 67
424 66
426 66
428 66
429 66
431 66
433 65
434 65
436 65
438 65
439 65
441 64
443 64
444 64
446 64
448 63
449 63
451 63
453 63
454 63
456 63
458 62
459 62
461 62
463 62
465 62
466 61
468 61
470 61
471 61
473 61
475 61
476 60
478 60
480 60
481 60
483 60
485 60
486 59
488 59
490 59
491 59
493 59
495 59
496 59
498 58
500 58
501 58
503 58
505 58
506 58
508 58
510 57
511 57
513 57
515 57
516 57
518 57
520 57
521 57
523 56
525 56
526 56
528 56
530 56
531 56
533 56
535 56
536 56
538 56
540 55
542 55
543 55
545 55
547 55
548 55
550 55
552 55
553 55
555 55
557 55
558 55
560 55
562 54
563 54
565 54
567 54
568 54
570 54
572 54
573 54
575 54
577 54
578 54
580 54
582 54
583 54
585 54
587 54
589 54
590 54
592 54
594 54
595 54
597 54
599 54
600 54
602 54
604 53
605 53
607 53
609 53
610 53
612 53
614 53
615 53
617 53
619 53
620 54
622 54
624 54
625 54
627 54
629 54
630 54
632 54
634 54
636 54
637 54
639 54
641 54
642 54
644 54
646 54
647 54
649 54
651 54
652 54
654 54
656 54
657 54
659 54
661 54
662 55
664 55
666 55
667 55
669 55
671 55
672 55
674 55
676 55
677 55
679 55
681 55
683 56
684 56
686 56
688 56
689 56
691 56
693 56
694 56
696 56
698 56
699 57
701 57
703 57
704 57
706 57
708 57
709 57
711 58
713 58
714 58
716 58
718 58
719 58
721 58
723 59
724 59
726 59
728 59
729 59
731 59
733 60
734 60
736 60
738 60
739 60
741 60
743 61
744 61
746 61
748 61
749 61
751 62
753 62
754 62
756 62
758 62
759 63
761 63
763 63
764 63
766 63
768 64
769 64
771 64
773 64
774 65
776 65
778 65
779 65
781 66
783 66
784 66
786 66
788 67
789 67
791 67
793 67
794 68
796 68
798 68
799 68
801 69
803 69
804 69
806 70
808 70
809 70
811 70
812 71
814 71
816 71
817 72
819 72
821 72
822 73
824 73
826 73
827 74
829 74
831 74
832 75
834 75
836 75
837 76
839 76
840 76
842 77
844 77
845 77
847 78
849 78
850 78
852 79
854 79
855 80
857 80
858 80
860 81
862 81
863 81
865 82
867 82
868 83
870 83
872 83
873 84
875 84
876 85
878 85
880 85
881 86
883 86
885 87
886 87
888 88
889 88
891 88
893 89
894 89
896 90
897 90
899 91
901 91
902 92
904 92
906 93
907 93
909 93
910 94
912 94
914 95
915 95
917 96
918 96
920 97
922 97
923 98
925 98
926 99
928 99
930 100
931 100
933 101
934 101
936 102
938 102
939 103
941 104
942 104
944 105
946 105
947 106
949 106
950 107
952 107
953 108
955 109
957 109
958 110
960 110
961 111
963 111
965 112
966 113
968 113
969 114
971 114
972 115
974 116
975 116
977 117
979 117
980 118
982 119
983 119
985 120
986 121
988 121
989 122
991 122
993 123
994 124
996 124
997 125
999 126
1000 126
1002 127
1003 128
1005 128
1006 129
1008 130
1009 130
1011 131
1013 132
1014 133
1016 133
1017 134
1019 135
1020 135
1022 136
1023 137
1025 137
1026 138
1028 139
1029 140
1031 140
1032 141
1034 142
1035 143
1037 143
1038 144
1040 145
1041 146
1043 146
1044 147
1046 148
1047 149
1049 150
1050 150
1052 151
1053 152
1055 153
1056 154
1058 154
1059 155
1060 156
1062 157
1063 158
1065 158
1066 159
1068 160
1069 161
1071 162
1072 163
1074 163
1075 164
1076 165
1078 166
1079 167
1081 168
1082 169
1084 170
1085 170
1086 171
1088 172
1089 173
1091 174
1092 175
1094 176
1095 177
1096 178
1098 179
1099 179
1101 180
1102 181
1103 182
1105 183
1106 184
1108 185
1109 186
1110 187
1112 188
1113 189
1114 190
1116 191
1117 192
1118 193
1120 194
1121 195
1123 196
1124 197
1125 198
1127 199
1128 200
1129 201
1131 202
1132 203
1133 204
1135 205
1136 206
1137 207
1138 208
1140 209
1141 210
1142 211
1144 212
1145 213
1146 214
1147 216
1149 217
1150 218
1151 219
1153 220
1154 221
1155 222
1156 223
1158 224
1159 225
1160 227
1161 228
1163 229
1164 230
1165 231
1166 232
1167 233
1169 235
1170 236
1171 237
1172 238
1173 239
1175 240
1176 242
1177 243
1178 244
1179 245
1181 246
1182 248
1183 249
1184 250
1185 251
1186 253
1187 254
1189 255
1190 256
1191 258
1192 259
1193 260
1194 261
1195 263
1196 264
1197 265
1198 266
1199 268
1201 269
1202 270
1203 272
1204 273
1205 274
1206 276
1207 277
1208 278
1209 280
1210 281
1211 282
1212 284
1213 285
1214 286
1215 288
1216 289
1217 291
1218 292
1219 293
1219 295
1220 296
1221 297
1222 299
1223 300
1224 302
1225 303
1226 305
1227 306
1228 307
1228 309
1229 310
1230 312
1231 313
1232 315
1233 316
1233 318
1234 319
1235 321
1236 322
1236 324
1237 325
1238 327
1239 328
1239 330
1240 331
1241 333
1242 334
1242 336
1243 337
1244 339
1244 340
1245 342
1246 343
1246 345
1247 346
1247 348
1248 350
1249 351
1249 353
1250 354
1250 356
1251 357
1251 359
1252 361
1252 362
1253 364
1253 365
1254 367
1254 369
1255 370
1255 372
1256 374
1256 375
1256 377
1257 378
1257 380
1257 382
1258 383
1258 385
1258 387
1259 388
1259 390
1259 392
1260 393
1260 395
1260 397
1260 398
1260 400
1261 402
1261 403
1261 405
1261 407
1261 408
1261 410
1261 412
1262 413
1262 415
1262 417
1262 418
1262 420
1262 422
1262 423
1262 425
1262 427
1262 428
1262 430
1261 432
1261 433
1261 435
1261 437
1261 438
1261 440
1261 442
1260 443
1260 445
1260 447
1260 448
1259 450
1259 452
1259 453
1259 455
1258 457
1258 458
1258 460
1257 461
1257 463
1256 465
1256 466
1255 468
1255 470
1255 471
1254 473
1254 474
1253 476
1253 478
1252 479
1251 481
1251 482
1250 484
1250 485
1249 487
1248 489
1248 490
1247 492
1246 493
1246 495
1245 496
1244 498
1244 499
1243 501
1242 502
1241 504
1240 505
1240 507
1239 508
1238 510
1237 511
1236 512
1235 514
1235 515
1234 517
1233 518
1232 520
1231 521
1230 522
1229 524
1228 525
1227 526
1226 528
1225 529
1224 531
1223 532
1222 533
1221 534
1220 536
1219 537
1218 538
1217 540
1216 541
1215 542
1213 543
1212 545
1211 546
1210 547
1209 548
1208 550
1207 551
1205 552
1204 553
1203 554
1202 556
1201 557
1199 558
1198 559
1197 560
1196 561
1195 562
1193 563
1192 565
1191 566
1189 567
1188 568
1187 569
1186 570
1184 571
1183 572
1182 573
1180 574
1179 575
1178 576
1176 577
1175 578
1174 579
1172 580
1171 581
1170 582
1168 583
1167 584
1165 585
1164 586
1163 587
1161 588
1160 589
1158 590
1157 591
1156 591
1154 592
1153 593
1151 594
1150 595
1148 596
1147 597
1146 598
1144 598
1143 599
1141 600
1140 601
1138 602
1137 602
1135 603
1134 604
1132 605
1131 606
1129 606
1128 607
1126 608
1125 609
1123 609
1122 610
1120 611
1119 612
1117 612
1116 613
1114 614
1113 614
1111 615
1110 616
1108 616
1107 617
1105 618
1104 618
1102 619
1100 620
1099 620
1097 621
1096 622
1094 622
1093 623
1091 624
1090 624
1088 625
1086 625
1085 626
1083 627
1082 627
1080 628
1079 628
1077 629
1075 629
1074 630
1072 631
1071 631
1069 632
1068 632
1066 633
1064 633
1063 634
1061 634
1060 635
1058 635
1056 636
1055 636
1053 637
1052 637
1050 638
1048 638
1047 639
1045 639
1044 640
1042 640
1040 641
1039 641
1037 642
1036 642
1034 643
1032 643
1031 644
1029 644
1027 644
1026 645
1024 645
1023 646
1021 646
1019 647
1018 647
1016 647
1014 648
1013 648
1011 649
1010 649
1008 649
1006 650
1005 650
1003 651
1001 651
1000 651
998 652
997 652
995 653
993 653
992 653
990 654
988 654
987 654
985 655
983 655
982 655
980 656
978 656
977 656
975 657
974 657
972 657
970 658
969 658
967 658
965 659
964 659
962 659
960 660
959 660
957 660
955 661
954 661
952 661
950 662
949 662
947 662
946 662
944 663
942 663
941 663
939 664
937 664
936 664
934 664
932 665
931 665
929 665
927 665
926 666
924 666
922 666
921 666
919 667
917 667
916 667
914 667
912 668
911 668
909 668
907 668
906 669
904 669
902 669
901 669
899 670
897 670
896 670
894 670
892 670
891 671
889 671
887 671
886 671
884 671
882 672
881 672
879 672
877 672
876 672
874 673
872 673
871 673
869 673
867 673
866 674
864 674
862 674
861 674
859 674
857 675
856 675
854 675
852 675
851 675
849 675
847 676
846 676
844 676
842 676
841 676
839 676
837 676
836 677
834 677
832 677
831 677
829 677
827 677
826 678
824 678
822 678
821 678
819 678
817 678
816 678
814 678
812 679
811 679
809 679
807 679
806 679
804 679
802 679
801 679
799 680
797 680
796 680
794 680
792 680
791 680
789 680
787 680
786 680
784 681
782 681
780 681
779 681
777 681
775 681
774 681
772 681
770 681
769 681
767 681
765 682
764 682
762 682
760 682
759 682
757 682
755 682
754 682
752 682
750 682
749 682
747 682
745 682
744 682
742 683
740 683
739 683
737 683
735 683
734 683
732 683
730 683
728 683
727 683
725 683
723 683
722 683
720 683
718 683
717 683
715 683
713 683
712 683
710 683
708 683
707 684
705 684
703 684
702 684
700 684
698 684
697 684
695 684
693 684
692 684
690 684
688 684
687 684
685 684
683 684
681 684
680 684
678 684
676 684
675 684
673 684
671 684
670 684
668 684
666 684
665 684
663 684
661 684
660 684
658 684
656 684
655 684
653 684
651 684
650 684
648 684
646 684
645 684
643 684
641 684
640 684
638 684
636 684
635 684
633 684
631 684
630 684
628 683
626 683
624 683
623 683
621 683
619 683
618 683
616 683
614 683
613 683
611 683
609 683
608 683
606 683
604 683
603 683
601 683
599 683
598 683
596 683
594 683
593 683
591 682
589 682
588 682
586 682
584 682
583 682
581 682
579 682
578 682
576 682
574 682
572 682
571 682
569 682
567 682
566 681
564 681
562 681
561 681
559 681
557 681
556 681
554 681
552 681
551 681
549 681
547 680
546 680
544 680
542 680
541 680
539 680
537 680
536 680
534 680
532 680
531 679
529 679
527 679
526 679
524 679
522 679
521 679
519 679
517 679
516 678
514 678
512 678
511 678
509 678
507 678
505 678
504 678
502 677
500 677
499 677
497 677
495 677
494 677
492 677
490 677
489 676
487 676
485 676
484 676
482 676
480 676
479 676
477 675
475 675
474 675
472 675
470 675
469 675
467 674
465 674
464 674
462 674
460 674
459 674
457 674
455 673
454 673
452 673
450 673
449 673
447 672
445 672
444 672
442 672
440 672
439 672
437 671
435 671
434 671
432 671
430 671
429 670
427 670
425 670
424 670
422 670
420 670
419 669
417 669
415 669
414 669
412 669
410 668
409 668
407 668
405 668
404 667
402 667
400 667
399 667
397 667
395 666
394 666
392 666
390 666
389 666
387 665
385 665
384 665
382 665
380 664
379 664
377 664
375 664
374 663
372 663
370 663
369 663
367 662
365 662
364 662
362 662
360 661
359 661
357 661
355 661
354 660
352 660
350 660
349 660
347 659
346 659
344 659
342 659
341 658
339 658
337 658
336 657
334 657
332 657
331 657
329 656
327 656
326 656
324 655
322 655
321 655
319 655
317 654
316 654
314 654
312 653
311 653
309 653
308 652
306 652
304 652
303 651
301 651
299 651
298 650
296 650
294 650
293 649
291 649
289 649
288 648
286 648
284 648
283 647
281 647
280 647
278 646
276 646
275 646
273 645
271 645
270 645
268 644
266 644
265 644
263 643
262 643
260 642
258 642
257 642
255 641
253 641
252 640
250 640
248 640
247 639
245 639
244 638
242 638
240 638
239 637
237 637
235 636
234 636
232 636
231 635
229 635
227 634
226 634
224 633
222 633
221 633
219 632
218 632
216 631
214 631
213 630
211 630
210 629
208 629
206 628
205 628
203 627
202 627
200 626
198 626
197 625
195 625
194 624
192 624
190 623
189 623
187 622
186 622
184 621
182 621
181 620
179 620
178 619
176 619
174 618
173 618
171 617
170 616
168 616
167 615
165 615
163 614
162 613
160 613
159 612
157 612
156 611
154 610
153 610
151 609
149 609
148 608
146 607
145 607
143 606
142 605
140 605
139 604
137 603
136 603
134 602
132 601
131 601
129 600
128 599
126 598
125 598
123 597
122 596
120 595
119 595
117 594
116 593
114 592
113 592
111 591
110 590
109 589
107 588
106 588
104 587
103 586
101 585
100 584
98 583
97 582
95 582
94 581
93 580
91 579
90 578
88 577
87 576
86 575
84 574
83 573
82 572
80 571
79 570
77 569
76 568
75 567
74 566
72 565
71 564
70 563
68 562
67 561
66 560
65 559
63 558
62 556
61 555
60 554
58 553
57 552
56 551
55 549
54 548
53 547
52 546
50 544
49 543
48 542
47 540
46 539
45 538
44 536
43 535
42 534
41 532
41 531
40 529
39 528
38 527
37 525
36 524
36 522
35 521
34 519
34 518
33 516
32 514
32 513
31 511
31 510
30 508
30 506
29 505
29 503
29 502
28 500
28 498
28 497
28 495
28 493
27 492
27 490
27 488
27 487
28 485
28 483
28 482
28 480
28 478
28 477
29 475
29 473
29 472
30 470
30 468
31 467
31 465
32 464
32 462
33 461
34 459
34 457
35 456
36 454
37 453
37 451
38 450
39 449
40 447
41 446
42 444
43 443
44 441
44 440
45 439
46 437
48 436
49 435
50 434
51 432
52 431
53 430
54 428
55 427
56 426
58 425
59 424
60 423
61 421
62 420
64 419
65 418
66 417
67 416
69 415
70 414
71 413
73 412
74 411
75 409
77 408
78 407
79 406
81 406
82 405
83 404
85 403
86 402
88 401
89 400
90 399
92 398
93 397
95 396
96 395
97 395
99 394
100 393
102 392
103 391
105 390
106 390
108 389
109 388
111 387
112 387
114 386
115 385
117 384
118 384
120 383
121 382
123 381
124 381
126 380
127 379
129 379
130 378
132 377
133 377
135 376
136 375
138 375
140 374
141 373
143 373
144 372
146 372
147 371
149 370
151 370
152 369
154 369
155 368
157 367
158 367
160 366
162 366
163 365
165 365
166 364
168 364
170 363
171 363
173 362
174 362
176 361
178 361
179 360
181 360
182 359
184 359
186 358
187 358
189 357
190 357
192 357
194 356
195 356
197 355
199 355
200 355
202 354
203 354
205 353
207 353
208 353
210 352
212 352
213 351
215 351
216 351
218 350
220 350
221 350
223 349
225 349
226 349
228 348
230 348
231 348
233 347
235 347
236 347
238 346
239 346
241 346
243 345
244 345
246 345
248 344
249 344
251 344
253 344
254 343
256 343
258 343
259 342
261 342
263 342
264 342
266 341
268 341
269 341
271 341
273 340
274 340
276 340
278 340
279 339
281 339
282 339
284 339
286 338
287 338
289 338
291 338
292 338
294 337
296 337
297 337
299 337
301 337
302 336
304 336
306 336
307 336
309 336
311 335
312 335
314 335
316 335
317 335
319 334
321 334
322 334
324 334
326 334
327 334
329 333
331 333
332 333
334 333
336 333
337 333
339 333
341 332
342 332
344 332
346 332
348 332
349 332
351 332
353 331
354 331
356 331
358 331
359 331
361 331
363 331
364 331
366 330
368 330
369 330
371 330
373 330
374 330
376 330
378 330
379 330
381 329
383 329
384 329
386 329
388 329
389 329
391 329
393 329
394 329
396 329
398 329
399 328
401 328
403 328
404 328
406 328
408 328
409 328
411 328
413 328
414 328
416 328
418 328
420 328
421 328
423 327
425 327
426 327
428 327
430 327
431 327
433 327
435 327
436 327
438 327
440 327
441 327
443 327
445 327
446 327
448 327
450 327
451 327
453 327
455 327
456 327
458 327
460 327
461 326
463 326
465 326
466 326
468 326
470 326
471 326
473 326
475 326
477 326
478 326
480 326
482 326
483 326
485 326
487 326
488 326
490 326
492 326
493 326
495 326
497 326
498 326
500 326
502 326
503 326
505 326
507 326
508 326
510 326
512 326
513 326
515 326
517 326
518 326
520 326
522 326
523 326
525 326
527 326
529 327
530 327
532 327
534 327
535 327
537 327
539 327
540 327
542 327
544 327
545 327
547 327
549 327
550 327
552 327
554 327
555 327
557 327
559 327
560 327
562 327
564 327
565 327
567 327
569 327
570 327
572 328
574 328
575 328
577 328
579 328
581 328
582 328
584 328
586 328
587 328
589 328
591 328
592 328
594 328
596 328
597 328
599 329
601 329
602 329
604 329
606 329
607 329
609 329
611 329
612 329
614 329
616 329
617 329
619 329
621 330
622 330
624 330
626 330
627 330
629 330
631 330
632 330
634 330
636 330
638 330
639 331
641 331
643 331
644 331
646 331
648 331
649 331
651 331
653 331
654 331
656 332
658 332
659 332
661 332
663 332
664 332
666 332
668 332
669 332
671 333
673 333
674 333
676 333
678 333
679 333
681 333
683 333
684 333
686 334
688 334
689 334
691 334
693 334
694 334
696 334
698 334
699 335
701 335
703 335
704 335
706 335
708 335
709 335
711 335
713 336
714 336
716 336
718 336
720 336
721 336
723 336
725 337
726 337
728 337
730 337
731 337
733 337
735 337
736 338
738 338
740 338
741 338
743 338
745 338
746 339
748 339
750 339
751 339
753 339
755 339
756 339
758 340
760 340
761 340
763 340
765 340
766 340
768 341
770 341
771 341
773 341
775 341
776 341
778 342
780 342
781 342
783 342
785 342
786 343
788 343
790 343
791 343
793 343
795 343
796 344
798 344
800 344
801 344
803 344
805 345
806 345
808 345
810 345
811 345
813 345
815 346
816 346
818 346
820 346
821 346
823 347
825 347
826 347
828 347
830 347
831 348
833 348
835 348
836 348
838 348
840 349
841 349
843 349
845 349
846 350
848 350
850 350
851 350
853 350
855 351
856 351
858 351
860 351
861 351
863 352
865 352
866 352
868 352
870 353
871 353
873 353
875 353
876 353
878 354
880 354
881 354
883 354
885 355
886 355
888 355
889 355
891 356
893 356
894 356
896 356
898 357
899 357
901 357
903 357
904 358
906 358
908 358
909 358
911 359
913 359
914 359
916 359
918 360
919 360
921 360
923 360
924 361
926 361
928 361
929 361
931 362
933 362
934 362
936 363
938 363
939 363
941 363
942 364
944 364
946 364
947 365
949 365
951 365
952 365
954 366
956 366
957 366
959 367
961 367
962 367
964 367
966 368
967 368
969 368
971 369
972 369
974 369
975 370
977 370
979 370
980 371
982 371
984 371
985 371
987 372
989 372
990 372
992 373
994 373
995 373
997 374
999 374
1000 374
1002 375
1003 375
1005 375
1007 376
1008 376
1010 377
1012 377
1013 377
1015 378
1017 378
1018 378
1020 379
1021 379
1023 379
1025 380
1026 380
1028 381
1030 381
1031 381
1033 382
1034 382
1036 382
1038 383
1039 383
1041 384
1043 384
1044 385
1046 385
1048 385
1049 386
1051 386
1052 387
1054 387
1056 388
1057 388
1059 388
1060 389
1062 389
1064 390
1065 390
1067 391
1068 391
1070 392
1072 392
1073 393
1075 393
1076 394
1078 394
1080 395
1081 395
1083 396
1084 396
1086 397
1088 398
1089 398
1091 399
1092 399
1094 400
1095 401
1097 401
1098 402
1100 403
1101 403
1103 404
1104 405
1106 406
1107 406
1109 407
1110 408
1112 409
1113 410
1114 411
1115 413
1116 414
1117 415
1117 417
1117 419
1116 420
1115 422
1114 423
1113 424
1111 424
1110 425
1108 426
1107 427
1105 427
1104 428
1102 428
1100 429
1099 429
1097 430
1096 430
1094 430
1092 431
1091 431
1089 431
1087 432
1086 432
1084 432
1082 432
1081 433
1079 433
1078 433
1076 433
1074 434
1073 434
1071 434
1069 434
1068 435
1066 435
1064 435
1063 435
1061 435
1059 435
1058 436
1056 436
1054 436
1053 436
1051 436
1049 436
1048 436
1046 437
1044 437
1043 437
1041 437
1039 437
1037 437
1036 437
1034 437
1032 438
1031 438
1029 438
1027 438
1026 438
1024 438
1022 438
1021 438
1019 438
1017 438
1016 438
1014 439
1012 439
1011 439
1009 439
1007 439
1006 439
1004 439
1002 439
1001 439
999 439
997 439
996 439
994 439
992 439
991 439
989 439
987 439
986 439
984 439
982 440
981 440
979 440
977 440
975 440
974 440
972 440
970 440
969 440
967 440
965 440
964 440
962 440
960 440
959 440
957 440
955 440
954 440
952 440
950 440
949 440
947 440
945 440
944 440
942 440
940 440
939 440
937 440
935 440
934 440
932 440
930 440
929 440
927 440
925 440
924 440
922 440
920 440
